hour, t(sec), P1 (kW), Q1 (kvar), P2 (kW), Q2 (kvar)
0, 60.00000, -0.283366, 2.25891E-006, 7.04557E-008, -2.02635E-010
0, 120.00000, -0.283365, -1.70848E-009, 7.05055E-008, -1.7746E-010
0, 180.00000, -0.283365, 1.75511E-010, 7.05055E-008, -1.77291E-010
0, 240.00000, -0.283365, 1.77342E-010, 7.05055E-008, -1.77291E-010
0, 300.00000, -0.283365, 1.77291E-010, 7.05055E-008, -1.77291E-010
0, 360.00000, -0.283373, 2.26392E-006, -5.22362E-008, 3.39361E-008
0, 420.00000, -0.283364, -5.51078E-008, -5.17288E-008, 3.34588E-008
0, 480.00000, -0.283364, -3.347E-008, -5.17279E-008, 3.34595E-008
0, 540.00000, -0.283364, -3.34593E-008, -5.17279E-008, 3.34595E-008
0, 600.00000, -0.283364, -3.34595E-008, -5.17279E-008, 3.34595E-008
0, 660.00000, -0.283362, -6.76012E-006, 3.12085E-008, -1.31129E-007
0, 720.00000, -0.283364, 1.37198E-007, 3.11864E-008, -1.30636E-007
0, 780.00000, -0.283364, 1.30644E-007, 3.11857E-008, -1.30636E-007
0, 840.00000, -0.283364, 1.30635E-007, 3.11857E-008, -1.30636E-007
0, 900.00000, -0.283364, 1.30636E-007, 3.11857E-008, -1.30636E-007
0, 960.00000, -0.283364, -1.86453E-007, -1.63199E-009, -1.60335E-008
0, 1020.00000, -0.283364, 1.64118E-008, -1.63288E-009, -1.60228E-008
0, 1080.00000, -0.283364, 1.60225E-008, -1.63288E-009, -1.60228E-008
0, 1140.00000, -0.283364, 1.60227E-008, -1.63288E-009, -1.60228E-008
0, 1200.00000, -0.283364, 1.60228E-008, -1.63288E-009, -1.60228E-008
0, 1260.00000, -0.283364, -9.84509E-009, -4.09107E-008, 1.09541E-007
0, 1320.00000, -0.283364, -1.09302E-007, -4.09286E-008, 1.09548E-007
0, 1380.00000, -0.283364, -1.09549E-007, -4.09287E-008, 1.09548E-007
0, 1440.00000, -0.283364, -1.09548E-007, -4.09287E-008, 1.09548E-007
0, 1500.00000, -0.283364, -1.09548E-007, -4.09287E-008, 1.09548E-007
0, 1560.00000, -0.283356, 9.07658E-007, 8.01672E-008, 7.32108E-008
0, 1620.00000, -0.283365, -5.15415E-008, 7.95825E-008, 7.34913E-008
0, 1680.00000, -0.283365, -7.34929E-008, 7.95819E-008, 7.34904E-008
0, 1740.00000, -0.283365, -7.34905E-008, 7.95819E-008, 7.34904E-008
0, 1800.00000, -0.283365, -7.34904E-008, 7.95819E-008, 7.34904E-008
0, 1860.00000, -0.283367, -1.33315E-006, -1.71617E-007, -1.93306E-007
0, 1920.00000, -0.283364, 1.87108E-007, -1.71424E-007, -1.93418E-007
0, 1980.00000, -0.283364, 1.93404E-007, -1.71424E-007, -1.93418E-007
0, 2040.00000, -0.283364, 1.93418E-007, -1.71424E-007, -1.93418E-007
0, 2100.00000, -0.283364, 1.93418E-007, -1.71424E-007, -1.93418E-007
0, 2160.00000, -0.283378, -5.50888E-006, -4.78163E-009, -1.30357E-008
0, 2220.00000, -0.283364, -2.09309E-008, -3.71618E-009, -1.31032E-008
0, 2280.00000, -0.283364, 1.3087E-008, -3.71557E-009, -1.31014E-008
0, 2340.00000, -0.283364, 1.31014E-008, -3.71557E-009, -1.31013E-008
0, 2400.00000, -0.283364, 1.31013E-008, -3.71557E-009, -1.31013E-008
0, 2460.00000, -0.283365, -6.71179E-007, -5.81971E-008, 3.45559E-008
0, 2520.00000, -0.283364, -3.52729E-008, -5.81719E-008, 3.45804E-008
0, 2580.00000, -0.283364, -3.45792E-008, -5.81719E-008, 3.45804E-008
0, 2640.00000, -0.283364, -3.45804E-008, -5.81719E-008, 3.45804E-008
0, 2700.00000, -0.283364, -3.45804E-008, -5.81719E-008, 3.45804E-008
0, 2760.00000, -0.283364, -8.90521E-007, -1.63301E-007, 1.31694E-007
0, 2820.00000, -0.283364, -1.28567E-007, -1.63301E-007, 1.31772E-007
0, 2880.00000, -0.283364, -1.3174E-007, -1.63301E-007, 1.31772E-007
0, 2940.00000, -0.283364, -1.31772E-007, -1.63301E-007, 1.31772E-007
0, 3000.00000, -0.283364, -1.31772E-007, -1.63301E-007, 1.31772E-007
0, 3060.00000, -0.283365, 1.55746E-007, 1.50542E-007, -1.65989E-007
0, 3120.00000, -0.283365, 1.66551E-007, 1.50536E-007, -1.65986E-007
0, 3180.00000, -0.283365, 1.65989E-007, 1.50536E-007, -1.65986E-007
0, 3240.00000, -0.283365, 1.65986E-007, 1.50536E-007, -1.65986E-007
0, 3300.00000, -0.283365, 1.65986E-007, 1.50536E-007, -1.65986E-007
0, 3360.00000, -0.28336, -1.25578E-006, -2.65167E-008, -8.74476E-008
0, 3420.00000, -0.283364, 8.33378E-008, -2.66324E-008, -8.72358E-008
0, 3480.00000, -0.283364, 8.72628E-008, -2.66332E-008, -8.72356E-008
0, 3540.00000, -0.283364, 8.72359E-008, -2.66332E-008, -8.72356E-008
1, 0.00000, -0.283364, 8.72356E-008, -2.66332E-008, -8.72356E-008
1, 60.00000, -0.333252, 6.68614E-007, -1.18314E-008, -1.49395E-008
1, 120.00000, -0.33325, 6.62613E-009, -1.17986E-008, -1.49504E-008
1, 180.00000, -0.33325, 1.48676E-008, -1.17983E-008, -1.49498E-008
1, 240.00000, -0.33325, 1.49529E-008, -1.17983E-008, -1.49498E-008
1, 300.00000, -0.33325, 1.49498E-008, -1.17983E-008, -1.49498E-008
1, 360.00000, -0.333251, 1.69698E-007, 8.64859E-009, 6.39639E-008
1, 420.00000, -0.33325, -6.93273E-008, 8.66156E-009, 6.39543E-008
1, 480.00000, -0.33325, -6.40244E-008, 8.66177E-009, 6.39547E-008
1, 540.00000, -0.33325, -6.3953E-008, 8.66176E-009, 6.39547E-008
1, 600.00000, -0.33325, -6.39547E-008, 8.66176E-009, 6.39547E-008
1, 660.00000, -0.33325, -5.40637E-007, -4.60657E-008, 1.17796E-007
1, 720.00000, -0.33325, -1.15456E-007, -4.60661E-008, 1.17815E-007
1, 780.00000, -0.33325, -1.1771E-007, -4.60665E-008, 1.17814E-007
1, 840.00000, -0.33325, -1.17815E-007, -4.60665E-008, 1.17814E-007
1, 900.00000, -0.33325, -1.17814E-007, -4.60665E-008, 1.17814E-007
1, 960.00000, -0.33325, 3.12586E-007, -9.0165E-009, -2.23733E-008
1, 1020.00000, -0.33325, 2.26967E-008, -9.02119E-009, -2.23881E-008
1, 1080.00000, -0.33325, 2.23364E-008, -9.02101E-009, -2.23881E-008
1, 1140.00000, -0.33325, 2.23878E-008, -9.02101E-009, -2.23881E-008
1, 1200.00000, -0.33325, 2.23882E-008, -9.02101E-009, -2.23881E-008
1, 1260.00000, -0.33325, -2.07803E-007, -4.86308E-008, 1.19103E-007
1, 1320.00000, -0.33325, -1.21211E-007, -4.86209E-008, 1.19106E-007
1, 1380.00000, -0.33325, -1.19115E-007, -4.86209E-008, 1.19107E-007
1, 1440.00000, -0.33325, -1.19106E-007, -4.86209E-008, 1.19107E-007
1, 1500.00000, -0.33325, -1.19107E-007, -4.86209E-008, 1.19107E-007
1, 1560.00000, -0.33325, 3.3153E-008, 3.17113E-008, -1.60792E-007
1, 1620.00000, -0.33325, 1.61955E-007, 3.17079E-008, -1.60785E-007
1, 1680.00000, -0.33325, 1.60821E-007, 3.17077E-008, -1.60785E-007
1, 1740.00000, -0.33325, 1.60785E-007, 3.17077E-008, -1.60785E-007
1, 1800.00000, -0.33325, 1.60785E-007, 3.17077E-008, -1.60785E-007
1, 1860.00000, -0.333247, 1.96547E-006, 1.53195E-007, 2.55719E-008
1, 1920.00000, -0.333251, -2.92141E-008, 1.52894E-007, 2.55074E-008
1, 1980.00000, -0.333251, -2.54072E-008, 1.52893E-007, 2.55077E-008
1, 2040.00000, -0.333251, -2.55046E-008, 1.52893E-007, 2.55077E-008
1, 2100.00000, -0.333251, -2.55077E-008, 1.52893E-007, 2.55077E-008
1, 2160.00000, -0.33325, -5.88779E-006, 2.1251E-007, -3.67782E-008
1, 2220.00000, -0.333251, 3.05475E-008, 2.12709E-007, -3.64809E-008
1, 2280.00000, -0.333251, 3.66509E-008, 2.12708E-007, -3.64804E-008
1, 2340.00000, -0.333251, 3.64824E-008, 2.12708E-007, -3.64804E-008
1, 2400.00000, -0.333251, 3.64804E-008, 2.12708E-007, -3.64804E-008
1, 2460.00000, -0.333252, 1.83985E-006, 1.53278E-007, 2.23439E-008
1, 2520.00000, -0.333251, -2.41711E-008, 1.53257E-007, 2.22872E-008
1, 2580.00000, -0.333251, -2.21457E-008, 1.53256E-007, 2.22875E-008
1, 2640.00000, -0.333251, -2.22854E-008, 1.53256E-007, 2.22875E-008
1, 2700.00000, -0.333251, -2.22875E-008, 1.53256E-007, 2.22875E-008
1, 2760.00000, -0.33325, 7.88254E-008, -5.16893E-008, -1.75776E-007
1, 2820.00000, -0.33325, 1.7609E-007, -5.16956E-008, -1.75765E-007
1, 2880.00000, -0.33325, 1.75818E-007, -5.16957E-008, -1.75765E-007
1, 2940.00000, -0.33325, 1.75765E-007, -5.16957E-008, -1.75765E-007
1, 3000.00000, -0.33325, 1.75765E-007, -5.16957E-008, -1.75765E-007
1, 3060.00000, -0.33325, 3.12102E-006, -1.32301E-008, -2.17055E-008
1, 3120.00000, -0.33325, 1.60068E-008, -1.33813E-008, -2.18765E-008
1, 3180.00000, -0.33325, 2.16835E-008, -1.33806E-008, -2.18763E-008
1, 3240.00000, -0.33325, 2.18779E-008, -1.33806E-008, -2.18763E-008
1, 3300.00000, -0.33325, 2.18763E-008, -1.33806E-008, -2.18763E-008
1, 3360.00000, -0.333251, 1.80732E-007, 7.08334E-008, 3.40432E-010
1, 3420.00000, -0.33325, 5.30908E-011, 7.08353E-008, 3.30988E-010
1, 3480.00000, -0.33325, -3.85923E-010, 7.08355E-008, 3.30959E-010
1, 3540.00000, -0.33325, -3.31377E-010, 7.08355E-008, 3.30963E-010
2, 0.00000, -0.33325, -3.30945E-010, 7.08355E-008, 3.30963E-010
2, 60.00000, -0.382511, -1.85801E-007, 5.67304E-009, 6.07661E-008
2, 120.00000, -0.382511, -6.10788E-008, 5.6761E-009, 6.07649E-008
2, 180.00000, -0.382511, -6.07654E-008, 5.6761E-009, 6.07649E-008
2, 240.00000, -0.382511, -6.07649E-008, 5.6761E-009, 6.07649E-008
2, 300.00000, -0.382511, -6.07649E-008, 5.6761E-009, 6.07649E-008
2, 360.00000, -0.382511, 2.10456E-007, 1.26739E-007, -1.56798E-007
2, 420.00000, -0.382511, 1.56945E-007, 1.26728E-007, -1.56798E-007
2, 480.00000, -0.382511, 1.56797E-007, 1.26728E-007, -1.56798E-007
2, 540.00000, -0.382511, 1.56798E-007, 1.26728E-007, -1.56798E-007
2, 600.00000, -0.382511, 1.56798E-007, 1.26728E-007, -1.56798E-007
2, 660.00000, -0.382504, -7.07735E-006, -1.03711E-007, -5.79966E-008
2, 720.00000, -0.382511, 5.95222E-008, -1.04003E-007, -5.75325E-008
2, 780.00000, -0.382511, 5.75354E-008, -1.04003E-007, -5.75325E-008
2, 840.00000, -0.382511, 5.75325E-008, -1.04003E-007, -5.75325E-008
2, 900.00000, -0.382511, 5.75325E-008, -1.04003E-007, -5.75325E-008
2, 960.00000, -0.382511, 1.7739E-007, 5.74632E-008, -8.97406E-008
2, 1020.00000, -0.382511, 9.00658E-008, 5.74552E-008, -8.9737E-008
2, 1080.00000, -0.382511, 8.9738E-008, 5.74552E-008, -8.97371E-008
2, 1140.00000, -0.382511, 8.97371E-008, 5.74552E-008, -8.97371E-008
2, 1200.00000, -0.382511, 8.97371E-008, 5.74552E-008, -8.97371E-008
2, 1260.00000, -0.382511, 3.41745E-006, 5.89921E-008, -9.80128E-008
2, 1320.00000, -0.382511, 3.2343E-007, 5.88616E-008, -9.81346E-008
2, 1380.00000, -0.382511, 9.85071E-008, 5.88615E-008, -9.81353E-008
2, 1440.00000, -0.382511, 9.81355E-008, 5.88615E-008, -9.81353E-008
2, 1500.00000, -0.382511, 9.81353E-008, 5.88615E-008, -9.81353E-008
2, 1560.00000, -0.382511, -8.31191E-009, 5.29696E-008, -9.18669E-008
2, 1620.00000, -0.382511, 9.14281E-008, 5.29759E-008, -9.18704E-008
2, 1680.00000, -0.382511, 9.18684E-008, 5.29759E-008, -9.18704E-008
2, 1740.00000, -0.382511, 9.18704E-008, 5.29759E-008, -9.18704E-008
2, 1800.00000, -0.382511, 9.18704E-008, 5.29759E-008, -9.18704E-008
2, 1860.00000, -0.382516, 2.02671E-006, -8.562E-008, 3.77084E-008
2, 1920.00000, -0.382511, -4.17028E-008, -8.51314E-008, 3.75379E-008
2, 1980.00000, -0.382511, -3.75358E-008, -8.51312E-008, 3.75382E-008
2, 2040.00000, -0.382511, -3.75381E-008, -8.51312E-008, 3.75382E-008
2, 2100.00000, -0.382511, -3.75382E-008, -8.51312E-008, 3.75382E-008
2, 2160.00000, -0.382508, -2.10916E-006, 7.96574E-008, -5.31346E-009
2, 2220.00000, -0.382511, 5.41734E-009, 7.94362E-008, -5.20694E-009
2, 2280.00000, -0.382511, 5.20438E-009, 7.9436E-008, -5.20705E-009
2, 2340.00000, -0.382511, 5.207E-009, 7.9436E-008, -5.20705E-009
2, 2400.00000, -0.382511, 5.20705E-009, 7.9436E-008, -5.20705E-009
2, 2460.00000, -0.382511, 1.45155E-006, -1.03399E-007, -5.27781E-008
2, 2520.00000, -0.382511, 5.20626E-008, -1.03409E-007, -5.29016E-008
2, 2580.00000, -0.382511, 5.28751E-008, -1.03409E-007, -5.29019E-008
2, 2640.00000, -0.382511, 5.29017E-008, -1.03409E-007, -5.29019E-008
2, 2700.00000, -0.382511, 5.29019E-008, -1.03409E-007, -5.29019E-008
2, 2760.00000, -0.382508, -1.04583E-006, -1.09031E-007, -5.71585E-008
2, 2820.00000, -0.382511, 6.17936E-008, -1.09183E-007, -5.70324E-008
2, 2880.00000, -0.382511, 5.70652E-008, -1.09183E-007, -5.70323E-008
2, 2940.00000, -0.382511, 5.70325E-008, -1.09183E-007, -5.70323E-008
2, 3000.00000, -0.382511, 5.70323E-008, -1.09183E-007, -5.70323E-008
2, 3060.00000, -0.382511, -8.0824E-009, -1.82048E-008, -2.95503E-008
2, 3120.00000, -0.382511, 2.96501E-008, -1.82025E-008, -2.95448E-008
2, 3180.00000, -0.382511, 2.9547E-008, -1.82025E-008, -2.95447E-008
2, 3240.00000, -0.382511, 2.95448E-008, -1.82025E-008, -2.95447E-008
2, 3300.00000, -0.382511, 2.95447E-008, -1.82025E-008, -2.95447E-008
2, 3360.00000, -0.38251, 1.86317E-007, -1.09934E-007, -5.5362E-008
2, 3420.00000, -0.382511, 5.54058E-008, -1.09939E-007, -5.537E-008
2, 3480.00000, -0.382511, 5.53669E-008, -1.09939E-007, -5.53701E-008
2, 3540.00000, -0.382511, 5.537E-008, -1.09939E-007, -5.53701E-008
3, 0.00000, -0.382511, 5.53701E-008, -1.09939E-007, -5.53701E-008
3, 60.00000, -0.260198, 8.99895E-008, 3.90302E-008, -5.6299E-008
3, 120.00000, -0.260198, 5.65222E-008, 3.90322E-008, -5.6299E-008
3, 180.00000, -0.260198, 5.62984E-008, 3.90322E-008, -5.6299E-008
3, 240.00000, -0.260198, 5.6299E-008, 3.90322E-008, -5.6299E-008
3, 300.00000, -0.260198, 5.6299E-008, 3.90322E-008, -5.6299E-008
3, 360.00000, -0.260197, -5.35327E-008, -8.31092E-009, -1.11106E-008
3, 420.00000, -0.260197, 1.07146E-008, -8.3143E-009, -1.11082E-008
3, 480.00000, -0.260197, 1.11106E-008, -8.31433E-009, -1.11082E-008
3, 540.00000, -0.260197, 1.11082E-008, -8.31433E-009, -1.11082E-008
3, 600.00000, -0.260197, 1.11082E-008, -8.31433E-009, -1.11082E-008
3, 660.00000, -0.260199, -2.55821E-007, -3.96676E-008, -1.36169E-007
3, 720.00000, -0.260197, 1.36233E-007, -3.9619E-008, -1.3617E-007
3, 780.00000, -0.260197, 1.36139E-007, -3.96187E-008, -1.3617E-007
3, 840.00000, -0.260197, 1.3617E-007, -3.96187E-008, -1.3617E-007
3, 900.00000, -0.260197, 1.3617E-007, -3.96187E-008, -1.3617E-007
3, 960.00000, -0.260198, -1.33954E-007, 1.13093E-008, 5.09579E-008
3, 1020.00000, -0.260197, 4.82736E-008, 1.1313E-008, 5.09657E-008
3, 1080.00000, -0.260198, -5.07949E-008, 1.13129E-008, 5.09656E-008
3, 1140.00000, -0.260198, -5.09655E-008, 1.13129E-008, 5.09656E-008
3, 1200.00000, -0.260198, -5.09656E-008, 1.13129E-008, 5.09656E-008
3, 1260.00000, -0.260198, 2.62968E-007, -2.2768E-008, -7.49022E-008
3, 1320.00000, -0.260197, 7.46293E-008, -2.27669E-008, -7.49163E-008
3, 1380.00000, -0.260197, 7.49126E-008, -2.27668E-008, -7.49164E-008
3, 1440.00000, -0.260197, 7.49163E-008, -2.27668E-008, -7.49164E-008
3, 1500.00000, -0.260197, 7.49164E-008, -2.27668E-008, -7.49164E-008
3, 1560.00000, -0.260197, -1.39584E-007, -2.73511E-009, -1.17126E-008
3, 1620.00000, -0.260197, 1.18589E-008, -2.73479E-009, -1.17046E-008
3, 1680.00000, -0.260197, 1.17062E-008, -2.7348E-009, -1.17046E-008
3, 1740.00000, -0.260197, 1.17046E-008, -2.7348E-009, -1.17046E-008
3, 1800.00000, -0.260197, 1.17046E-008, -2.7348E-009, -1.17046E-008
3, 1860.00000, -0.260197, -2.79052E-009, -9.66248E-008, 7.94168E-008
3, 1920.00000, -0.260197, -7.91764E-008, -9.66261E-008, 7.94163E-008
3, 1980.00000, -0.260197, -7.94144E-008, -9.66261E-008, 7.94163E-008
3, 2040.00000, -0.260197, -7.94163E-008, -9.66261E-008, 7.94163E-008
3, 2100.00000, -0.260197, -7.94163E-008, -9.66261E-008, 7.94163E-008
3, 2160.00000, -0.260198, -1.43012E-007, 1.36049E-007, 8.39429E-008
3, 2220.00000, -0.260198, -8.41121E-008, 1.36054E-007, 8.39435E-008
3, 2280.00000, -0.260198, -8.39432E-008, 1.36054E-007, 8.39435E-008
3, 2340.00000, -0.260198, -8.39435E-008, 1.36054E-007, 8.39435E-008
3, 2400.00000, -0.260198, -8.39435E-008, 1.36054E-007, 8.39435E-008
3, 2460.00000, -0.260197, 2.74224E-008, -6.89819E-009, -1.30277E-008
3, 2520.00000, -0.260197, 1.32829E-008, -6.90252E-009, -1.30249E-008
3, 2580.00000, -0.260197, 1.30253E-008, -6.90256E-009, -1.30249E-008
3, 2640.00000, -0.260197, 1.30249E-008, -6.90256E-009, -1.30249E-008
3, 2700.00000, -0.260197, 1.30249E-008, -6.90256E-009, -1.30249E-008
3, 2760.00000, -0.260197, -1.05896E-008, -1.14447E-007, 1.61717E-008
3, 2820.00000, -0.260197, -1.65533E-008, -1.1445E-007, 1.61655E-008
3, 2880.00000, -0.260197, -1.61701E-008, -1.1445E-007, 1.61655E-008
3, 2940.00000, -0.260197, -1.61655E-008, -1.1445E-007, 1.61655E-008
3, 3000.00000, -0.260197, -1.61655E-008, -1.1445E-007, 1.61655E-008
3, 3060.00000, -0.260198, -1.00655E-007, -5.46729E-008, 3.65557E-008
3, 3120.00000, -0.260197, -3.68145E-008, -5.46678E-008, 3.65571E-008
3, 3180.00000, -0.260197, -3.65561E-008, -5.46677E-008, 3.65571E-008
3, 3240.00000, -0.260197, -3.65571E-008, -5.46677E-008, 3.65571E-008
3, 3300.00000, -0.260197, -3.65571E-008, -5.46677E-008, 3.65571E-008
3, 3360.00000, -0.260197, 1.76308E-007, 1.36873E-008, -1.81811E-007
3, 3420.00000, -0.260198, 1.81738E-007, 1.36862E-008, -1.81811E-007
3, 3480.00000, -0.260198, 1.81808E-007, 1.36863E-008, -1.81811E-007
3, 3540.00000, -0.260198, 1.81811E-007, 1.36863E-008, -1.81811E-007
4, 0.00000, -0.260197, 5.16211E-007, 1.36862E-008, -1.81813E-007
4, 60.00000, -0.143385, 9.60198E-008, 1.11993E-009, -2.32515E-009
4, 120.00000, -0.143385, 3.19564E-009, 1.1177E-009, -2.32027E-009
4, 180.00000, -0.143385, 2.34145E-009, 1.11765E-009, -2.3202E-009
4, 240.00000, -0.143385, 2.32053E-009, 1.11765E-009, -2.3202E-009
4, 300.00000, -0.143385, 2.32021E-009, 1.11765E-009, -2.3202E-009
4, 360.00000, -0.143385, 4.27844E-008, -2.46128E-008, 2.16379E-008
4, 420.00000, -0.143385, -2.10254E-008, -2.46134E-008, 2.16351E-008
4, 480.00000, -0.143385, -2.16378E-008, -2.46134E-008, 2.1635E-008
4, 540.00000, -0.143385, -2.16353E-008, -2.46134E-008, 2.1635E-008
4, 600.00000, -0.143385, -2.1635E-008, -2.46134E-008, 2.1635E-008
4, 660.00000, -0.143385, -1.02384E-007, 1.65888E-008, 6.64431E-008
4, 720.00000, -0.143385, -6.69245E-008, 1.65903E-008, 6.64416E-008
4, 780.00000, -0.143385, -6.64473E-008, 1.65903E-008, 6.64416E-008
4, 840.00000, -0.143385, -6.64416E-008, 1.65903E-008, 6.64416E-008
4, 900.00000, -0.143385, -6.64416E-008, 1.65903E-008, 6.64416E-008
4, 960.00000, -0.143387, 2.12059E-006, -4.37552E-008, -4.86618E-008
4, 1020.00000, -0.143385, 4.79425E-008, -4.37002E-008, -4.87913E-008
4, 1080.00000, -0.143385, 4.87926E-008, -4.37001E-008, -4.87914E-008
4, 1140.00000, -0.143385, -2.96196E-008, -4.37005E-008, -4.87921E-008
4, 1200.00000, -0.143385, 4.87904E-008, -4.37009E-008, -4.87922E-008
4, 1260.00000, -0.143384, -9.71299E-007, 7.03892E-008, 1.63452E-008
4, 1320.00000, -0.143385, -1.50018E-008, 7.03727E-008, 1.6403E-008
4, 1380.00000, -0.143385, -1.63625E-008, 7.03726E-008, 1.64032E-008
4, 1440.00000, -0.143385, -1.64025E-008, 7.03726E-008, 1.64032E-008
4, 1500.00000, -0.143385, -1.64032E-008, 7.03726E-008, 1.64032E-008
4, 1560.00000, -0.143385, 1.35612E-008, 3.47152E-008, 7.037E-009
4, 1620.00000, -0.143385, -7.57461E-009, 3.47175E-008, 7.03341E-009
4, 1680.00000, -0.143385, -7.04238E-009, 3.47175E-008, 7.0334E-009
4, 1740.00000, -0.143385, -7.0335E-009, 3.47175E-008, 7.0334E-009
4, 1800.00000, -0.143385, -7.0334E-009, 3.47175E-008, 7.0334E-009
4, 1860.00000, -0.143385, 9.13134E-009, 5.10722E-008, -5.25786E-008
4, 1920.00000, -0.143385, 5.24155E-008, 5.10719E-008, -5.25771E-008
4, 1980.00000, -0.143385, 7.82293E-008, 5.10538E-008, -5.25958E-008
4, 2040.00000, -0.143385, 2.7078E-008, 5.10724E-008, -5.25769E-008
4, 2100.00000, -0.143385, 7.40258E-008, 5.10568E-008, -5.25927E-008
4, 2160.00000, -0.143386, 1.20553E-006, -1.66386E-008, 5.78793E-008
4, 2220.00000, -0.143385, -9.49604E-009, -1.65836E-008, 5.7768E-008
4, 2280.00000, -0.143385, -4.57575E-008, -1.65898E-008, 5.77558E-008
4, 2340.00000, -0.143385, -4.77811E-008, -1.65942E-008, 5.77476E-008
4, 2400.00000, -0.143385, 5.35662E-008, -1.66424E-008, 5.76581E-008
4, 2460.00000, -0.143385, 1.18394E-007, 2.41516E-008, -2.72744E-008
4, 2520.00000, -0.143385, 1.65835E-007, 2.40663E-008, -2.73741E-008
4, 2580.00000, -0.143385, 2.70955E-008, 2.40699E-008, -2.73745E-008
4, 2640.00000, -0.143385, 2.74174E-008, 2.40698E-008, -2.73745E-008
4, 2700.00000, -0.143385, 2.73886E-008, 2.40698E-008, -2.73745E-008
4, 2760.00000, -0.143385, -5.50091E-008, -2.52109E-008, 2.1872E-008
4, 2820.00000, -0.143385, 5.68497E-008, -2.52451E-008, 2.18155E-008
4, 2880.00000, -0.143385, -2.46579E-009, -2.52527E-008, 2.18003E-008
4, 2940.00000, -0.143385, 2.7574E-008, -2.52728E-008, 2.17617E-008
4, 3000.00000, -0.143385, 2.78123E-008, -2.52927E-008, 2.17234E-008
4, 3060.00000, -0.143385, 2.34338E-009, 7.34818E-009, 2.94903E-008
4, 3120.00000, -0.143385, 4.26651E-008, 7.24785E-009, 2.93306E-008
4, 3180.00000, -0.143385, -4.48672E-008, 7.27285E-009, 2.93657E-008
4, 3240.00000, -0.143385, 2.28868E-008, 7.20346E-009, 2.92608E-008
4, 3300.00000, -0.143385, -2.15277E-008, 7.19554E-009, 2.92468E-008
4, 3360.00000, -0.143386, 7.05489E-007, -5.29356E-008, 4.63929E-008
4, 3420.00000, -0.143385, 7.47821E-009, -5.29547E-008, 4.62461E-008
4, 3480.00000, -0.143385, -8.05892E-008, -5.30333E-008, 4.60811E-008
4, 3540.00000, 0.033333, -2.48978E-008, 1.14064E-008, -1.21871E-008
5, 0.00000, 0.0333333, 1.09476E-008, 1.14061E-008, -1.21889E-008
5, 60.00000, 0.0199209, -2.66713E-008, -5.47699E-009, -1.48074E-009
5, 120.00000, 0.019921, 2.6837E-008, -5.47507E-009, -1.47554E-009
5, 180.00000, 0.0199211, 6.68654E-008, -5.46454E-009, -1.46188E-009
5, 240.00000, 0.019921, 4.89498E-008, -5.45675E-009, -1.45118E-009
5, 300.00000, 0.0199211, 1.37179E-007, -5.43454E-009, -1.4225E-009
5, 360.00000, 0.019921, 7.24588E-008, 2.03548E-009, 9.3749E-009
5, 420.00000, 0.019921, 3.85946E-008, 2.04756E-009, 9.38708E-009
5, 480.00000, 0.019921, 2.82951E-008, 2.05235E-009, 9.39406E-009
5, 540.00000, 0.0199211, 1.16845E-007, 2.06902E-009, 9.41599E-009
5, 600.00000, 0.0199211, 1.15012E-007, 2.08529E-009, 9.43913E-009
5, 660.00000, 0.019921, -8.1208E-008, 5.82481E-009, 6.05231E-009
5, 720.00000, 0.0199211, 1.44662E-007, 5.84061E-009, 6.07533E-009
5, 780.00000, 0.019921, 6.30669E-008, 5.84925E-009, 6.09044E-009
5, 840.00000, 0.0199211, 9.58217E-008, 5.86222E-009, 6.11065E-009
5, 900.00000, 0.0199211, 1.3476E-007, 5.8804E-009, 6.1391E-009
5, 960.00000, 0.0199209, 3.08276E-008, -1.40813E-009, -4.75103E-009
5, 1020.00000, 0.0199211, 1.47053E-007, -1.38735E-009, -4.71157E-009
5, 1080.00000, 0.0199211, 1.22105E-007, -1.36771E-009, -4.68028E-009
5, 1140.00000, 0.0199211, 1.15993E-007, -1.34877E-009, -4.65045E-009
5, 1200.00000, 0.0199211, 1.03895E-007, -1.33167E-009, -4.62341E-009
5, 1260.00000, 0.019921, 1.21278E-008, -7.77986E-011, -9.61187E-011
5, 1320.00000, 0.0199211, 7.09042E-008, -6.6055E-011, -7.81574E-011
5, 1380.00000, 0.0199211, 1.31246E-007, -4.19573E-011, -4.42552E-011
5, 1440.00000, 0.0199211, 8.56239E-008, -2.60179E-011, -2.09169E-011
5, 1500.00000, 0.0199211, 1.4251E-007, 1.24227E-012, 1.75704E-011
5, 1560.00000, 0.019921, 3.00171E-008, -1.44768E-010, 6.16313E-010
5, 1620.00000, 0.0199211, 1.05491E-007, -1.22607E-010, 6.46464E-010
5, 1680.00000, 0.0199211, 1.25025E-007, -9.86705E-011, 6.8299E-010
5, 1740.00000, 0.019921, 5.84194E-008, -8.7554E-011, 7.01259E-010
5, 1800.00000, 0.0199211, 1.05131E-007, -6.65204E-011, 7.32804E-010
5, 1860.00000, 0.019921, 1.68231E-008, 4.4758E-009, 1.47673E-009
5, 1920.00000, 0.0199211, 9.36991E-008, 4.49562E-009, 1.50703E-009
5, 1980.00000, 0.0199211, 9.02067E-008, 4.51223E-009, 1.5385E-009
5, 2040.00000, 0.019921, 7.13162E-008, 4.52556E-009, 1.56429E-009
5, 2100.00000, 0.0199211, 9.66293E-008, 4.54464E-009, 1.59952E-009
5, 2160.00000, 0.0199199, -4.97948E-007, 2.75894E-010, 7.19553E-010
5, 2220.00000, 0.0199211, 8.80755E-008, 2.30211E-010, 7.46968E-010
5, 2280.00000, 0.0199211, 1.18707E-007, 2.61166E-010, 7.91787E-010
5, 2340.00000, 0.019921, 5.63353E-008, 2.76363E-010, 8.14643E-010
5, 2400.00000, 0.0199211, 7.53197E-008, 2.97347E-010, 8.44934E-010
5, 2460.00000, 0.019921, -1.54538E-008, 6.01308E-009, 6.91534E-009
5, 2520.00000, 0.019921, 7.48367E-008, 6.03352E-009, 6.94329E-009
5, 2580.00000, 0.019921, 5.95169E-008, 6.05011E-009, 6.96908E-009
5, 2640.00000, 0.019921, 5.09409E-008, 6.06505E-009, 6.99225E-009
5, 2700.00000, 0.019921, 7.12149E-008, 6.08623E-009, 7.02472E-009
5, 2760.00000, 0.019921, 1.17992E-008, -9.45771E-010, -3.98477E-009
5, 2820.00000, 0.019921, 4.32603E-008, -9.28166E-010, -3.95754E-009
5, 2880.00000, 0.019921, 8.68395E-008, -9.07481E-010, -3.92744E-009
5, 2940.00000, 0.019921, 8.71081E-008, -8.85959E-010, -3.89574E-009
5, 3000.00000, 0.019921, 8.14197E-008, -8.65278E-010, -3.86525E-009
5, 3060.00000, 0.019921, 3.92059E-008, -4.5931E-009, -3.39921E-010
5, 3120.00000, 0.019921, 8.65767E-008, -4.56686E-009, -3.07555E-010
5, 3180.00000, 0.019921, 8.55928E-008, -4.54465E-009, -2.73889E-010
5, 3240.00000, 0.019921, 9.01867E-008, -4.52019E-009, -2.37027E-010
5, 3300.00000, 0.019921, 7.39427E-008, -4.49966E-009, -2.05443E-010
5, 3360.00000, 0.0199201, -2.60156E-007, -6.74589E-009, 7.9536E-009
5, 3420.00000, 0.019921, 8.1464E-008, -6.77408E-009, 7.99315E-009
5, 3480.00000, 0.019921, 5.77455E-008, -6.74942E-009, 8.01793E-009
5, 3540.00000, 0.019921, 5.10355E-008, -6.7262E-009, 8.04105E-009
6, 0.00000, 0.019921, 1.98743E-008, -6.71501E-009, 8.05238E-009
6, 60.00000, 0.0131208, 3.2591E-009, 3.19114E-010, 8.61071E-010
6, 120.00000, 0.0131208, 3.78454E-008, 3.35229E-010, 8.85734E-010
6, 180.00000, 0.0131208, 2.42443E-008, 3.45662E-010, 9.02653E-010
6, 240.00000, 0.0131208, 3.10593E-008, 3.60333E-010, 9.26014E-010
6, 300.00000, 0.0131208, 2.80157E-008, 3.74877E-010, 9.49311E-010
6, 360.00000, 0.0131208, -1.94347E-008, -2.51143E-009, 1.16314E-008
6, 420.00000, 0.0131208, 1.65915E-008, -2.49491E-009, 1.16449E-008
6, 480.00000, 0.0131208, 1.3125E-008, -2.4786E-009, 1.16586E-008
6, 540.00000, 0.0131208, 3.62255E-009, -2.4678E-009, 1.16677E-008
6, 600.00000, 0.0131208, 8.56469E-009, -2.45178E-009, 1.1681E-008
6, 660.00000, 0.0131208, 3.42836E-009, -7.22626E-009, 4.5392E-009
6, 720.00000, 0.0131208, 5.31834E-009, -7.20731E-009, 4.55751E-009
6, 780.00000, 0.0131208, 2.61222E-009, -7.18884E-009, 4.57486E-009
6, 840.00000, 0.0131208, -3.87482E-010, -7.17364E-009, 4.5891E-009
6, 900.00000, 0.0131208, -2.10112E-009, -7.15428E-009, 4.60727E-009
6, 960.00000, 0.0131208, -1.68109E-008, -3.94192E-009, 5.43803E-009
6, 1020.00000, 0.0131208, 1.21581E-008, -3.9313E-009, 5.45062E-009
6, 1080.00000, 0.0131208, 1.49556E-008, -3.91428E-009, 5.46704E-009
6, 1140.00000, 0.0131208, 1.50934E-008, -3.8943E-009, 5.48615E-009
6, 1200.00000, 0.0131208, 5.84574E-009, -3.88206E-009, 5.49778E-009
6, 1260.00000, 0.0131208, -7.21872E-009, 4.54637E-009, 1.64601E-008
6, 1320.00000, 0.0131208, -4.02735E-009, 4.56088E-009, 1.64705E-008
6, 1380.00000, 0.0131208, -9.73403E-009, 4.57242E-009, 1.64775E-008
6, 1440.00000, 0.0131208, -1.27937E-008, 4.5812E-009, 1.64829E-008
6, 1500.00000, 0.0131208, -1.43488E-008, 4.59441E-009, 1.64912E-008
6, 1560.00000, 0.0131206, -3.5669E-007, 2.81102E-009, -7.42854E-010
6, 1620.00000, 0.0131207, -3.94014E-009, 2.82476E-009, -7.3073E-010
6, 1680.00000, 0.0131207, -8.16397E-009, 2.83955E-009, -7.03654E-010
6, 1740.00000, 0.0131207, -1.11592E-008, 2.85316E-009, -6.78722E-010
6, 1800.00000, 0.0131207, -1.2526E-008, 2.86505E-009, -6.56979E-010
6, 1860.00000, 0.0131211, 6.7886E-007, -6.62427E-011, -1.92854E-009
6, 1920.00000, 0.0131207, -2.86388E-008, -3.62212E-011, -1.89262E-009
6, 1980.00000, 0.0131208, -1.94198E-008, -2.61555E-011, -1.87888E-009
6, 2040.00000, 0.0131207, -4.07849E-008, -8.51117E-012, -1.85337E-009
6, 2100.00000, 0.0131208, -2.44383E-008, 1.89623E-012, -1.83936E-009
6, 2160.00000, 0.0131201, -5.6986E-007, 9.95689E-009, 4.03854E-009
6, 2220.00000, 0.0131207, -5.34604E-008, 9.95201E-009, 4.05117E-009
6, 2280.00000, 0.0131207, -5.10952E-008, 9.95846E-009, 4.06943E-009
6, 2340.00000, 0.0131207, -5.37442E-008, 9.96469E-009, 4.08728E-009
6, 2400.00000, 0.0131207, -5.57697E-008, 9.9707E-009, 4.10454E-009
6, 2460.00000, 0.0131207, -1.5212E-007, -7.40041E-009, 2.24629E-009
6, 2520.00000, 0.0131207, -5.53834E-008, -7.38601E-009, 2.26435E-009
6, 2580.00000, 0.0131207, -5.29734E-008, -7.36882E-009, 2.28081E-009
6, 2640.00000, 0.0131207, -6.28196E-008, -7.34931E-009, 2.29955E-009
6, 2700.00000, 0.0131208, -3.66744E-008, -7.33866E-009, 2.30951E-009
6, 2760.00000, 0.0131208, -1.37325E-009, -1.24793E-009, 3.76812E-009
6, 2820.00000, 0.0131207, -7.8442E-008, -1.23291E-009, 3.78611E-009
6, 2880.00000, 0.0131207, -8.4696E-008, -1.21667E-009, 3.80351E-009
6, 2940.00000, 0.0131208, -2.09836E-008, -1.21296E-009, 3.80654E-009
6, 3000.00000, 0.0131207, -9.45749E-008, -1.19618E-009, 3.82544E-009
6, 3060.00000, 0.0131209, 7.75317E-009, 8.56039E-010, 2.08463E-009
6, 3120.00000, 0.0131207, -7.44309E-008, 8.68157E-010, 2.10184E-009
6, 3180.00000, 0.0131206, -9.14529E-008, 8.81425E-010, 2.1223E-009
6, 3240.00000, 0.0131207, -5.70689E-008, 8.89458E-010, 2.13433E-009
6, 3300.00000, 0.0131207, -6.49903E-008, 8.98261E-010, 2.14786E-009
6, 3360.00000, 0.0131208, -3.19222E-008, 2.99512E-009, 7.85199E-009
6, 3420.00000, 0.0131207, -6.02456E-008, 2.99996E-009, 7.85897E-009
6, 3480.00000, 0.0131206, -1.42322E-007, 3.01608E-009, 7.87639E-009
6, 3540.00000, 0.0131206, -1.18833E-007, 3.02951E-009, 7.88971E-009
7, 0.00000, 0.0131206, -1.1653E-007, 3.04201E-009, 7.90233E-009
7, 60.00000, 0.0117268, 7.96774E-009, 6.1324E-009, -6.5024E-009
7, 120.00000, 0.0117267, -4.87608E-009, 6.13426E-009, -6.49906E-009
7, 180.00000, 0.0117265, -1.14103E-007, 6.14371E-009, -6.46397E-009
7, 240.00000, 0.0117265, -1.11444E-007, 6.15287E-009, -6.43239E-009
7, 300.00000, 0.0117266, -6.37836E-008, 6.15835E-009, -6.41456E-009
7, 360.00000, 0.0117267, -9.48815E-009, -5.01877E-009, 7.49123E-009
7, 420.00000, 0.0117266, -1.03755E-007, -5.00447E-009, 7.50191E-009
7, 480.00000, 0.0117266, -1.19936E-007, -4.98744E-009, 7.51345E-009
7, 540.00000, 0.0117266, -1.3294E-007, -4.96919E-009, 7.52574E-009
7, 600.00000, 0.0117266, -1.29588E-007, -4.95206E-009, 7.53716E-009
7, 660.00000, 0.0117268, 1.83066E-008, -3.59731E-009, 2.91378E-009
7, 720.00000, 0.0117267, -5.36962E-008, -3.59172E-009, 2.92062E-009
7, 780.00000, 0.0117266, -1.29741E-007, -3.57727E-009, 2.93484E-009
7, 840.00000, 0.0117266, -1.30041E-007, -3.56315E-009, 2.94818E-009
7, 900.00000, 0.0117266, -1.46939E-007, -3.54766E-009, 2.96286E-009
7, 960.00000, 0.0117268, -4.00735E-009, -3.50096E-009, -6.42007E-009
7, 1020.00000, 0.0117268, 1.95437E-008, -3.47895E-009, -6.38675E-009
7, 1080.00000, 0.0117267, -4.25369E-008, -3.47382E-009, -6.37796E-009
7, 1140.00000, 0.0117268, 1.89865E-008, -3.45399E-009, -6.34819E-009
7, 1200.00000, 0.0117267, -3.91129E-008, -3.44834E-009, -6.33856E-009
7, 1260.00000, 0.0117268, -3.37265E-009, 7.225E-009, 5.95545E-009
7, 1320.00000, 0.0117265, -1.56866E-007, 7.23155E-009, 5.96756E-009
7, 1380.00000, 0.0117265, -1.43307E-007, 7.23775E-009, 5.97863E-009
7, 1440.00000, 0.0117267, -5.99438E-008, 7.2406E-009, 5.98282E-009
7, 1500.00000, 0.0117266, -7.50718E-008, 7.24351E-009, 5.98827E-009
7, 1560.00000, 0.0117268, -5.62428E-010, -2.01232E-009, -1.16332E-009
7, 1620.00000, 0.0117265, -1.57223E-007, -1.99855E-009, -1.14447E-009
7, 1680.00000, 0.0117266, -1.20025E-007, -1.98758E-009, -1.13099E-009
7, 1740.00000, 0.0117268, 1.7958E-008, -1.96705E-009, -1.10648E-009
7, 1800.00000, 0.0117266, -1.27939E-007, -1.95666E-009, -1.09218E-009
7, 1860.00000, 0.0117268, 2.32793E-008, 3.32575E-009, 4.87471E-010
7, 1920.00000, 0.0117266, -1.28956E-007, 3.332E-009, 5.00124E-010
7, 1980.00000, 0.0117266, -1.23577E-007, 3.33845E-009, 5.11335E-010
7, 2040.00000, 0.0117265, -1.81404E-007, 3.34739E-009, 5.27576E-010
7, 2100.00000, 0.0117268, 1.96377E-008, 3.36105E-009, 5.49197E-010
7, 2160.00000, 0.0117268, 4.17104E-009, 4.52095E-009, -3.98343E-009
7, 2220.00000, 0.0117265, -1.82882E-007, 4.52713E-009, -3.96442E-009
7, 2280.00000, 0.0117268, 2.29155E-008, 4.5367E-009, -3.94322E-009
7, 2340.00000, 0.0117266, -8.25823E-008, 4.53915E-009, -3.93471E-009
7, 2400.00000, 0.0117265, -1.51713E-007, 4.54422E-009, -3.92017E-009
7, 2460.00000, 0.0117268, -7.91067E-009, -7.14556E-009, -2.47112E-009
7, 2520.00000, 0.0117265, -1.89916E-007, -7.13053E-009, -2.45414E-009
7, 2580.00000, 0.0117268, 2.57842E-008, -7.1101E-009, -2.43318E-009
7, 2640.00000, 0.0117266, -1.25535E-007, -7.10068E-009, -2.42206E-009
7, 2700.00000, 0.0117266, -1.0801E-007, -7.09251E-009, -2.41328E-009
7, 2760.00000, 0.0117267, -1.69856E-008, 3.87647E-009, 1.25602E-008
7, 2820.00000, 0.0117266, -1.2518E-007, 3.88008E-009, 1.25618E-008
7, 2880.00000, 0.0117268, 2.22117E-008, 3.89338E-009, 1.25689E-008
7, 2940.00000, 0.0117268, 9.36311E-009, 3.90101E-009, 1.25729E-008
7, 3000.00000, 0.0117266, -1.2775E-007, 3.90418E-009, 1.25745E-008
7, 3060.00000, 0.0117268, -3.92083E-009, -3.6259E-009, 1.03746E-008
7, 3120.00000, 0.0117268, 8.56907E-009, -3.61377E-009, 1.03804E-008
7, 3180.00000, 0.0117266, -1.61631E-007, -3.60504E-009, 1.03839E-008
7, 3240.00000, 0.0117265, -1.74566E-007, -3.59546E-009, 1.0388E-008
7, 3300.00000, 0.0117266, -1.16842E-007, -3.58922E-009, 1.03908E-008
7, 3360.00000, 0.0117268, -2.49263E-009, 3.42237E-009, 5.6154E-010
7, 3420.00000, 0.0117266, -1.10794E-007, 3.42532E-009, 5.68005E-010
7, 3480.00000, 0.0117268, 2.05033E-008, 3.43282E-009, 5.79734E-010
7, 3540.00000, 0.0117266, -1.24521E-007, 3.43604E-009, 5.86531E-010
8, 0.00000, 0.0117268, 2.85596E-008, 3.44586E-009, 6.02017E-010
8, 60.00000, 0.0107033, -2.68502E-009, 2.54041E-009, 7.10443E-009
8, 120.00000, 0.0107033, 1.48474E-008, 2.54754E-009, 7.11144E-009
8, 180.00000, 0.0107031, -1.22243E-007, 2.55025E-009, 7.1145E-009
8, 240.00000, 0.0107033, 2.76091E-008, 2.56073E-009, 7.12496E-009
8, 300.00000, 0.0107033, 1.74239E-008, 2.56735E-009, 7.13177E-009
8, 360.00000, 0.0107033, 7.62502E-009, -1.859E-009, 5.72047E-009
8, 420.00000, 0.0107033, 3.05299E-008, -1.84321E-009, 5.73176E-009
8, 480.00000, 0.0107033, 2.03839E-008, -1.83152E-009, 5.7394E-009
8, 540.00000, 0.0107033, 2.83839E-008, -1.81666E-009, 5.74907E-009
8, 600.00000, 0.0107033, 3.04989E-008, -1.8015E-009, 5.75887E-009
8, 660.00000, 0.0107033, -6.48128E-009, -4.86041E-009, 2.59078E-009
8, 720.00000, 0.0107033, 2.99633E-008, -4.84388E-009, 2.60244E-009
8, 780.00000, 0.0107033, 2.28438E-008, -4.83249E-009, 2.61092E-009
8, 840.00000, 0.0107032, -6.80862E-008, -4.8296E-009, 2.61309E-009
8, 900.00000, 0.0107033, 2.5848E-008, -4.81692E-009, 2.62247E-009
8, 960.00000, 0.0107033, 2.18808E-008, 5.59413E-009, 1.02992E-009
8, 1020.00000, 0.0107033, 6.78814E-009, 5.59428E-009, 1.0302E-009
8, 1080.00000, 0.0107033, 2.0289E-008, 5.59777E-009, 1.03744E-009
8, 1140.00000, 0.0107033, 1.88437E-008, 5.60081E-009, 1.04392E-009
8, 1200.00000, 0.0107032, -7.20666E-008, 5.60143E-009, 1.04615E-009
8, 1260.00000, 0.0107033, -2.1503E-008, 1.62669E-009, 2.50811E-009
8, 1320.00000, 0.0107033, 2.08639E-008, 1.63205E-009, 2.51491E-009
8, 1380.00000, 0.0107032, -6.72344E-008, 1.63346E-009, 2.51679E-009
8, 1440.00000, 0.0107033, 1.85205E-008, 1.63906E-009, 2.52323E-009
8, 1500.00000, 0.0107033, 1.9279E-008, 1.64437E-009, 2.52951E-009
8, 1560.00000, 0.0107033, -2.03681E-008, 2.37824E-009, 4.99055E-009
8, 1620.00000, 0.0107031, -1.73862E-007, 2.38204E-009, 4.99338E-009
8, 1680.00000, 0.0107033, 1.99324E-008, 2.38838E-009, 4.99955E-009
8, 1740.00000, 0.0107033, 2.08792E-008, 2.39397E-009, 5.00498E-009
8, 1800.00000, 0.0107032, -9.89872E-008, 2.39578E-009, 5.00668E-009
8, 1860.00000, 0.0107032, -3.99613E-008, 8.54494E-009, 4.43282E-009
8, 1920.00000, 0.0107033, 2.24754E-008, 8.54743E-009, 4.43728E-009
8, 1980.00000, 0.0107033, 3.19013E-008, 8.55067E-009, 4.44488E-009
8, 2040.00000, 0.0107033, 3.35571E-008, 8.55391E-009, 4.45253E-009
8, 2100.00000, 0.0107032, -1.13162E-007, 8.55417E-009, 4.45438E-009
8, 2160.00000, 0.0107034, -8.20723E-010, -1.11736E-009, 8.09792E-009
8, 2220.00000, 0.0107033, 4.98833E-008, -1.10214E-009, 8.10638E-009
8, 2280.00000, 0.0107033, 5.61213E-008, -1.08745E-009, 8.11291E-009
8, 2340.00000, 0.0107031, -1.31151E-007, -1.08453E-009, 8.11332E-009
8, 2400.00000, 0.0107033, 3.27045E-008, -1.07507E-009, 8.11822E-009
8, 2460.00000, 0.0107033, 1.99767E-008, -3.24319E-009, -8.85714E-010
8, 2520.00000, 0.0107033, 4.39541E-008, -3.23238E-009, -8.73713E-010
8, 2580.00000, 0.0107032, -7.80538E-008, -3.2301E-009, -8.71501E-010
8, 2640.00000, 0.0107033, 5.75332E-008, -3.21526E-009, -8.56754E-010
8, 2700.00000, 0.0107033, 4.15248E-008, -3.20526E-009, -8.46926E-010
8, 2760.00000, 0.0107033, 8.23633E-009, -3.23164E-009, 1.5837E-008
8, 2820.00000, 0.0107032, -8.45576E-008, -3.22975E-009, 1.58354E-008
8, 2880.00000, 0.0107033, 1.18529E-008, -3.22263E-009, 1.58349E-008
8, 2940.00000, 0.0107032, -1.00846E-007, -3.21995E-009, 1.58333E-008
8, 3000.00000, 0.0107033, 3.05706E-008, -3.2086E-009, 1.58322E-008
8, 3060.00000, 0.0107034, 2.08639E-008, 6.78722E-009, -2.56321E-009
8, 3120.00000, 0.0107033, -4.3582E-010, 6.78749E-009, -2.56039E-009
8, 3180.00000, 0.0107033, 7.76284E-008, 6.7914E-009, -2.54334E-009
8, 3240.00000, 0.0107031, -1.90941E-007, 6.79152E-009, -2.53866E-009
8, 3300.00000, 0.0107033, 6.36261E-008, 6.79514E-009, -2.52509E-009
8, 3360.00000, 0.0107033, 3.16764E-008, -7.65473E-009, -1.90048E-009
8, 3420.00000, 0.0107034, 6.58045E-008, -7.6391E-009, -1.88568E-009
8, 3480.00000, 0.0107033, 5.98485E-008, -7.62648E-009, -1.87421E-009
8, 3540.00000, 0.0107033, 4.69768E-008, -7.61739E-009, -1.86575E-009
9, 0.00000, 0.0107033, 3.70011E-008, -7.61026E-009, -1.85906E-009
9, 60.00000, 0.120177, 1.85148E-007, 4.83747E-008, -2.8704E-008
9, 120.00000, 0.120177, -2.1209E-007, 4.84412E-008, -2.84258E-008
9, 180.00000, 0.120178, 7.33396E-007, 4.84748E-008, -2.82826E-008
9, 240.00000, 0.120177, 2.74707E-007, 4.84089E-008, -2.85541E-008
9, 300.00000, 0.120177, -1.84952E-007, 4.84676E-008, -2.83157E-008
9, 360.00000, 0.120177, -1.78378E-007, -3.07734E-008, 1.86683E-008
9, 420.00000, 0.120178, 7.53869E-007, -3.06644E-008, 1.87776E-008
9, 480.00000, 0.120178, 5.76346E-007, -3.05882E-008, 1.88605E-008
9, 540.00000, 0.120177, -5.65354E-007, -3.0571E-008, 1.88718E-008
9, 600.00000, 0.120178, 7.88606E-007, -3.04751E-008, 1.89899E-008
9, 660.00000, 0.120178, -1.45685E-007, -1.14227E-007, 6.27534E-008
9, 720.00000, 0.120178, 2.13193E-007, -1.14466E-007, 6.2656E-008
9, 780.00000, 0.120177, -3.26893E-007, -1.14165E-007, 6.27956E-008
9, 840.00000, 0.120178, 4.55333E-007, -1.14067E-007, 6.28404E-008
9, 900.00000, 0.120177, -3.66972E-007, -1.14051E-007, 6.2843E-008
9, 960.00000, 0.120177, -4.28828E-009, -2.79389E-008, 4.10707E-008
9, 1020.00000, 0.120178, 6.48357E-007, -2.78663E-008, 4.11424E-008
9, 1080.00000, 0.120178, 4.68192E-007, -2.78129E-008, 4.11907E-008
9, 1140.00000, 0.120175, -1.66817E-006, -2.77776E-008, 4.12072E-008
9, 1200.00000, 0.120178, 5.36712E-007, -2.77269E-008, 4.12697E-008
9, 1260.00000, 0.120177, -6.45471E-008, 1.06895E-009, -4.45928E-008
9, 1320.00000, 0.120178, 7.03416E-007, 1.11693E-009, -4.4482E-008
9, 1380.00000, 0.120177, -1.89687E-007, 1.30818E-009, -4.40223E-008
9, 1440.00000, 0.120177, -1.08869E-007, 1.3058E-009, -4.40157E-008
9, 1500.00000, 0.120176, -1.23964E-006, 1.21306E-009, -4.42835E-008
9, 1560.00000, 0.120177, -2.20687E-007, 8.05143E-009, 5.18626E-009
9, 1620.00000, 0.120177, -1.4489E-007, 8.15087E-009, 5.43165E-009
9, 1680.00000, 0.120177, -5.38672E-007, 8.10943E-009, 5.30922E-009
9, 1740.00000, 0.120177, -1.17446E-007, 8.18498E-009, 5.53544E-009
9, 1800.00000, 0.120177, -6.5356E-007, 8.13977E-009, 5.38742E-009
9, 1860.00000, 0.120178, 3.56907E-008, 2.8586E-008, 5.81848E-008
9, 1920.00000, 0.120177, -4.09E-007, 2.85612E-008, 5.81397E-008
9, 1980.00000, 0.120177, -2.90104E-007, 2.86751E-008, 5.83762E-008
9, 2040.00000, 0.120178, 5.50461E-007, 2.86918E-008, 5.84589E-008
9, 2100.00000, 0.120177, -5.0594E-007, 2.86818E-008, 5.83937E-008
9, 2160.00000, 0.120176, -4.35558E-007, 7.14548E-008, 6.68532E-008
9, 2220.00000, 0.120177, -3.0123E-007, 7.14339E-008, 6.69411E-008
9, 2280.00000, 0.120177, 1.55707E-007, 7.14637E-008, 6.68324E-008
9, 2340.00000, 0.120177, -5.98497E-007, 7.14046E-008, 6.70321E-008
9, 2400.00000, 0.120177, 2.25407E-007, 7.13885E-008, 6.7052E-008
9, 2460.00000, 0.120178, 7.12323E-007, -1.27829E-008, 9.06289E-008
9, 2520.00000, 0.120178, 9.00658E-007, -1.27107E-008, 9.0702E-008
9, 2580.00000, 0.120178, 7.33073E-007, -1.26281E-008, 9.07532E-008
9, 2640.00000, 0.120179, 8.45462E-007, -1.26365E-008, 9.07431E-008
9, 2700.00000, 0.120177, -5.64167E-007, -1.2676E-008, 9.06929E-008
9, 2760.00000, 0.120178, -1.40668E-007, 3.72183E-009, -3.81341E-008
9, 2820.00000, 0.120177, -2.65742E-007, 3.79631E-009, -3.78839E-008
9, 2880.00000, 0.120177, -6.7159E-007, 3.76186E-009, -3.80131E-008
9, 2940.00000, 0.120178, 8.2743E-007, 3.79283E-009, -3.78714E-008
9, 3000.00000, 0.120178, 8.43028E-007, 3.84142E-009, -3.76878E-008
9, 3060.00000, 0.120181, 2.46664E-006, 8.93415E-008, 2.54213E-008
9, 3120.00000, 0.120178, 3.81568E-007, 8.92178E-008, 2.54942E-008
9, 3180.00000, 0.120177, -3.18782E-007, 8.92323E-008, 2.54452E-008
9, 3240.00000, 0.120177, -1.7406E-007, 8.92017E-008, 2.55889E-008
9, 3300.00000, 0.120177, -1.83462E-007, 8.91677E-008, 2.57228E-008
9, 3360.00000, 0.120176, -1.96914E-006, 8.85577E-008, -6.14159E-008
9, 3420.00000, 0.120178, 3.88678E-007, 8.86136E-008, -6.12699E-008
9, 3480.00000, 0.120178, 5.1349E-007, 8.85864E-008, -6.10993E-008
9, 3540.00000, 0.120179, 1.1286E-006, 8.86014E-008, -6.11476E-008
10, 0.00000, 0.120178, 7.6147E-007, 8.85502E-008, -6.08862E-008
10, 60.00000, 0.648203, 1.17202E-006, 4.99012E-007, 2.65294E-007
10, 120.00000, 0.648211, 7.73525E-006, 4.98994E-007, 2.65262E-007
10, 180.00000, 0.648205, 2.97942E-006, 4.98951E-007, 2.65373E-007
10, 240.00000, 0.648205, 3.01178E-006, 4.98914E-007, 2.6556E-007
10, 300.00000, 0.648202, -3.66736E-006, 4.9878E-007, 2.66246E-007
10, 360.00000, 0.648201, 3.86467E-007, 5.21823E-007, 3.88086E-007
10, 420.00000, 0.648206, 4.01657E-006, 5.21656E-007, 3.88182E-007
10, 480.00000, 0.648203, -4.86623E-007, 5.23215E-007, 3.85067E-007
10, 540.00000, 0.648204, 2.39524E-006, 5.22677E-007, 3.86581E-007
10, 600.00000, 0.648205, 2.61217E-006, 5.21688E-007, 3.88154E-007
10, 660.00000, 0.648198, -2.0275E-007, 4.58226E-007, -2.26099E-007
10, 720.00000, 0.648203, 4.5797E-007, 4.58281E-007, -2.26272E-007
10, 780.00000, 0.648202, -2.43407E-006, 4.58418E-007, -2.26656E-007
10, 840.00000, 0.648201, -1.79415E-006, 4.58387E-007, -2.26604E-007
10, 900.00000, 0.648205, 1.1375E-006, 4.58392E-007, -2.26612E-007
10, 960.00000, 0.648205, -6.24362E-007, 3.18495E-007, 5.79731E-007
10, 1020.00000, 0.648202, -3.94244E-006, 3.18289E-007, 5.80235E-007
10, 1080.00000, 0.648206, 2.55783E-006, 3.18173E-007, 5.80358E-007
10, 1140.00000, 0.648197, -5.75316E-006, 3.18194E-007, 5.80299E-007
10, 1200.00000, 0.648203, -9.07106E-007, 3.18182E-007, 5.80365E-007
10, 1260.00000, 0.64819, -3.01593E-006, 2.61511E-007, 3.15607E-007
10, 1320.00000, 0.648207, 2.16336E-006, 2.61653E-007, 3.15242E-007
10, 1380.00000, 0.648202, -2.82502E-006, 2.61694E-007, 3.14971E-007
10, 1440.00000, 0.648199, -3.49888E-006, 2.61683E-007, 3.15006E-007
10, 1500.00000, 0.648205, 6.32699E-007, 2.61674E-007, 3.15036E-007
10, 1560.00000, 0.6482, 3.31127E-006, 1.20429E-008, 3.81805E-007
10, 1620.00000, 0.64819, -1.04629E-005, 1.21849E-008, 3.81661E-007
10, 1680.00000, 0.648206, 2.45154E-006, 1.22513E-008, 3.82125E-007
10, 1740.00000, 0.648209, 3.13191E-006, 1.22528E-008, 3.82073E-007
10, 1800.00000, 0.648207, 3.82045E-006, 1.24432E-008, 3.8256E-007
10, 1860.00000, 0.648189, 2.80299E-005, -5.82211E-008, 1.13176E-007
10, 1920.00000, 0.648213, 7.60033E-006, -5.90491E-008, 1.1188E-007
10, 1980.00000, 0.648209, 3.32428E-006, -5.90442E-008, 1.11622E-007
10, 2040.00000, 0.648201, -1.62112E-006, -5.89931E-008, 1.11588E-007
10, 2100.00000, 0.648203, -4.2826E-007, -5.89901E-008, 1.11616E-007
10, 2160.00000, 0.648184, -1.00384E-005, 7.1051E-007, 2.06235E-007
10, 2220.00000, 0.648205, 1.6211E-006, 7.10668E-007, 2.06301E-007
10, 2280.00000, 0.648206, 3.14484E-006, 7.10258E-007, 2.06846E-007
10, 2340.00000, 0.648205, 2.05891E-006, 7.10039E-007, 2.07148E-007
10, 2400.00000, 0.648206, 2.26565E-006, 7.09741E-007, 2.07574E-007
10, 2460.00000, 0.648219, 2.00272E-006, 7.9822E-007, 9.95937E-008
10, 2520.00000, 0.648206, 2.48835E-006, 7.97434E-007, 1.00758E-007
10, 2580.00000, 0.6482, -1.57899E-006, 7.97428E-007, 1.007E-007
10, 2640.00000, 0.648205, 1.49578E-006, 7.97105E-007, 1.01176E-007
10, 2700.00000, 0.64821, 3.47182E-006, 7.97216E-007, 1.01074E-007
10, 2760.00000, 0.648195, 9.77649E-006, 6.51561E-008, 2.57955E-008
10, 2820.00000, 0.648212, 5.25017E-006, 6.48875E-008, 2.51743E-008
10, 2880.00000, 0.648207, 2.70706E-006, 6.50614E-008, 2.56506E-008
10, 2940.00000, 0.648208, 3.68807E-006, 6.53257E-008, 2.65762E-008
10, 3000.00000, 0.648207, 2.3396E-006, 6.55384E-008, 2.71793E-008
10, 3060.00000, 0.648173, -1.86796E-005, 8.93239E-008, 1.39914E-007
10, 3120.00000, 0.648196, -5.49881E-006, 9.01831E-008, 1.39694E-007
10, 3180.00000, 0.648208, 3.23804E-006, 9.05079E-008, 1.40558E-007
10, 3240.00000, 0.648192, -5.98492E-006, 9.06071E-008, 1.40502E-007
10, 3300.00000, 0.64823, 1.32579E-005, 9.04391E-008, 1.40475E-007
10, 3360.00000, 0.648254, 2.06052E-005, -1.48167E-007, -2.79326E-007
10, 3420.00000, 0.648223, 1.08499E-005, -1.49296E-007, -2.78839E-007
10, 3480.00000, 0.648221, 8.5659E-006, -1.49584E-007, -2.79272E-007
10, 3540.00000, 0.648181, -1.10336E-005, -1.49252E-007, -2.78983E-007
11, 0.00000, 0.6482, -1.83061E-006, -1.49214E-007, -2.78749E-007
11, 60.00000, 1.38115, -2.75264E-007, -5.80629E-007, -5.08855E-007
11, 120.00000, 1.38116, 1.17174E-005, -5.80808E-007, -5.09134E-007
11, 180.00000, 1.38115, 8.10353E-006, -5.80205E-007, -5.08115E-007
11, 240.00000, 1.38115, -3.56813E-006, -5.79074E-007, -5.06245E-007
11, 300.00000, 1.38115, -4.92356E-006, -5.77861E-007, -5.03998E-007
11, 360.00000, 1.38115, 1.19144E-006, -1.38889E-006, 5.89521E-007
11, 420.00000, 1.38116, 1.06462E-005, -1.38766E-006, 5.90442E-007
11, 480.00000, 1.38115, 4.41053E-006, -1.3871E-006, 5.90765E-007
11, 540.00000, 1.38115, -7.70309E-006, -1.3845E-006, 5.92456E-007
11, 600.00000, 1.38115, -5.77029E-007, -1.38453E-006, 5.92437E-007
11, 660.00000, 1.38115, -2.57191E-006, 3.93205E-007, 3.06703E-007
11, 720.00000, 1.38113, -1.11852E-005, 3.93311E-007, 3.06881E-007
11, 780.00000, 1.38114, -6.89323E-006, 3.93329E-007, 3.07058E-007
11, 840.00000, 1.38115, 3.14424E-006, 3.9329E-007, 3.0705E-007
11, 900.00000, 1.38115, 7.8453E-006, 3.93416E-007, 3.07828E-007
11, 960.00000, 1.38115, -3.45695E-006, 5.05202E-008, 9.66548E-007
11, 1020.00000, 1.38115, 1.1003E-005, 5.09078E-008, 9.67167E-007
11, 1080.00000, 1.38116, 1.68244E-005, 5.17754E-008, 9.68322E-007
11, 1140.00000, 1.38115, 8.77402E-006, 5.24504E-008, 9.69022E-007
11, 1200.00000, 1.38114, -8.79858E-006, 5.20858E-008, 9.68331E-007
11, 1260.00000, 1.38115, 8.1024E-007, 8.20471E-007, 9.36565E-007
11, 1320.00000, 1.38114, -8.54057E-006, 8.20475E-007, 9.36094E-007
11, 1380.00000, 1.38114, -8.56603E-006, 8.20452E-007, 9.36167E-007
11, 1440.00000, 1.38113, -1.30679E-005, 8.20465E-007, 9.3628E-007
11, 1500.00000, 1.38114, -6.61515E-006, 8.20468E-007, 9.36002E-007
11, 1560.00000, 1.38113, 5.0858E-006, -1.48528E-007, 1.43228E-007
11, 1620.00000, 1.38116, 7.48714E-006, -1.48667E-007, 1.42586E-007
11, 1680.00000, 1.38117, 1.52762E-005, -1.48852E-007, 1.42257E-007
11, 1740.00000, 1.38116, 1.36898E-005, -1.49008E-007, 1.41929E-007
11, 1800.00000, 1.38114, -6.80447E-006, -1.49279E-007, 1.41146E-007
11, 1860.00000, 1.38116, -3.5334E-005, 3.26713E-007, 3.33785E-008
11, 1920.00000, 1.38115, -4.05399E-006, 3.27381E-007, 3.46808E-008
11, 1980.00000, 1.38115, 4.1978E-006, 3.27396E-007, 3.53179E-008
11, 2040.00000, 1.38114, -4.00948E-006, 3.27343E-007, 3.48532E-008
11, 2100.00000, 1.38114, -9.56563E-006, 3.27196E-007, 3.37326E-008
11, 2160.00000, 1.38115, 3.20114E-005, 5.25062E-008, -1.1014E-006
11, 2220.00000, 1.38115, 7.64212E-006, 5.2232E-008, -1.1012E-006
11, 2280.00000, 1.38115, 2.95299E-006, 5.22278E-008, -1.10126E-006
11, 2340.00000, 1.38116, 1.51422E-005, 5.29241E-008, -1.0983E-006
11, 2400.00000, 1.38116, 1.72374E-005, 5.40314E-008, -1.09372E-006
11, 2460.00000, 1.38113, -1.21047E-005, 6.97917E-007, 3.84531E-007
11, 2520.00000, 1.38113, -1.18365E-005, 6.98282E-007, 3.84577E-007
11, 2580.00000, 1.38114, -4.21344E-006, 6.98243E-007, 3.8396E-007
11, 2640.00000, 1.38113, -8.83368E-006, 6.98262E-007, 3.84157E-007
11, 2700.00000, 1.38114, -5.07471E-006, 6.98205E-007, 3.83466E-007
11, 2760.00000, 1.38117, 2.30677E-006, 1.01854E-007, 1.83516E-007
11, 2820.00000, 1.38115, 2.94308E-006, 1.00903E-007, 1.82103E-007
11, 2880.00000, 1.38116, 1.08936E-005, 1.01323E-007, 1.83579E-007
11, 2940.00000, 1.38115, 4.78075E-006, 1.01607E-007, 1.84338E-007
11, 3000.00000, 1.38115, -5.45998E-008, 1.01639E-007, 1.84296E-007
11, 3060.00000, 1.38115, -7.11911E-006, 6.27037E-007, 7.59666E-008
11, 3120.00000, 1.38115, -2.87856E-006, 6.2769E-007, 7.85058E-008
11, 3180.00000, 1.38115, 2.43088E-006, 6.27325E-007, 7.70045E-008
11, 3240.00000, 1.38115, -3.06096E-006, 6.27931E-007, 7.95241E-008
11, 3300.00000, 1.38113, -1.17776E-005, 6.27987E-007, 7.97518E-008
11, 3360.00000, 1.38115, 5.41636E-006, -3.66928E-008, -3.36412E-007
11, 3420.00000, 1.38116, 6.93546E-006, -3.69759E-008, -3.3684E-007
11, 3480.00000, 1.38115, 2.66278E-006, -3.67439E-008, -3.35943E-007
11, 3540.00000, 1.38116, 7.62929E-006, -3.6115E-008, -3.3312E-007
12, 0.00000, 1.38114, -5.89211E-006, -3.587E-008, -3.33028E-007
12, 60.00000, 1.44328, 1.93003E-005, 7.3325E-007, 3.60971E-007
12, 120.00000, 1.44327, 3.3062E-006, 7.32857E-007, 3.61483E-007
12, 180.00000, 1.44326, -7.64401E-006, 7.32931E-007, 3.61566E-007
12, 240.00000, 1.44327, 3.16798E-006, 7.32923E-007, 3.6233E-007
12, 300.00000, 1.44326, -7.05567E-006, 7.3295E-007, 3.61056E-007
12, 360.00000, 1.44322, -2.57031E-005, 6.46269E-007, 1.18772E-006
12, 420.00000, 1.44328, 3.7531E-006, 6.47128E-007, 1.1872E-006
12, 480.00000, 1.44326, -4.71224E-006, 6.47256E-007, 1.18713E-006
12, 540.00000, 1.44327, 3.13949E-006, 6.47383E-007, 1.1879E-006
12, 600.00000, 1.44325, -9.04559E-006, 6.4751E-007, 1.18783E-006
12, 660.00000, 1.44326, -6.98484E-006, 5.02905E-007, 5.86323E-007
12, 720.00000, 1.44325, -1.11532E-005, 5.03195E-007, 5.86494E-007
12, 780.00000, 1.44324, -1.59157E-005, 5.03342E-007, 5.86877E-007
12, 840.00000, 1.44326, -9.29765E-006, 5.02974E-007, 5.85062E-007
12, 900.00000, 1.44327, 2.38277E-006, 5.02923E-007, 5.85953E-007
12, 960.00000, 1.44327, -3.83821E-006, 2.85176E-007, -2.81539E-007
12, 1020.00000, 1.44327, 4.57994E-006, 2.85443E-007, -2.80105E-007
12, 1080.00000, 1.44326, -3.43625E-006, 2.85295E-007, -2.8119E-007
12, 1140.00000, 1.44329, 1.36024E-005, 2.85076E-007, -2.81557E-007
12, 1200.00000, 1.44327, 3.63323E-007, 2.85119E-007, -2.81687E-007
12, 1260.00000, 1.44326, 4.16447E-006, -6.19615E-007, 5.43682E-007
12, 1320.00000, 1.44327, -4.2661E-006, -6.20529E-007, 5.42435E-007
12, 1380.00000, 1.44326, -5.07711E-006, -6.2164E-007, 5.41634E-007
12, 1440.00000, 1.44328, 4.04859E-006, -6.21851E-007, 5.41663E-007
12, 1500.00000, 1.4433, 2.36605E-005, -6.2265E-007, 5.41341E-007
12, 1560.00000, 1.4433, 2.27661E-005, -2.54117E-007, 9.06768E-007
12, 1620.00000, 1.44326, -9.85597E-006, -2.5537E-007, 9.06422E-007
12, 1680.00000, 1.44326, -1.44133E-005, -2.56297E-007, 9.05575E-007
12, 1740.00000, 1.44327, -5.31976E-006, -2.56683E-007, 9.05356E-007
12, 1800.00000, 1.44326, -1.10471E-005, -2.56522E-007, 9.05418E-007
12, 1860.00000, 1.44322, -3.92527E-005, -5.55788E-007, -2.25652E-007
12, 1920.00000, 1.44328, 9.63048E-006, -5.53525E-007, -2.24044E-007
12, 1980.00000, 1.44328, 7.92225E-006, -5.52352E-007, -2.21988E-007
12, 2040.00000, 1.44328, 7.10118E-006, -5.52479E-007, -2.22303E-007
12, 2100.00000, 1.44326, -7.67733E-006, -5.52175E-007, -2.221E-007
12, 2160.00000, 1.44328, 9.25616E-006, 6.44174E-007, -9.93884E-007
12, 2220.00000, 1.44327, 8.3973E-006, 6.43902E-007, -9.91643E-007
12, 2280.00000, 1.44326, -4.9129E-006, 6.43809E-007, -9.93384E-007
12, 2340.00000, 1.44326, -4.49893E-006, 6.43667E-007, -9.94938E-007
12, 2400.00000, 1.44326, -2.83468E-006, 6.43554E-007, -9.9603E-007
12, 2460.00000, 1.44327, -4.56837E-006, -3.85275E-007, 3.34242E-007
12, 2520.00000, 1.44328, 1.1803E-005, -3.82968E-007, 3.37288E-007
12, 2580.00000, 1.44328, 1.09516E-005, -3.80761E-007, 3.39462E-007
12, 2640.00000, 1.44326, -4.37753E-006, -3.81371E-007, 3.38381E-007
12, 2700.00000, 1.44327, 5.83782E-007, -3.8145E-007, 3.38439E-007
12, 2760.00000, 1.44325, -1.8385E-005, 1.45776E-007, 2.3092E-007
12, 2820.00000, 1.44326, -5.34887E-006, 1.45908E-007, 2.29558E-007
12, 2880.00000, 1.44327, 5.70051E-006, 1.43486E-007, 2.24446E-007
12, 2940.00000, 1.44326, -6.89017E-006, 1.43162E-007, 2.23361E-007
12, 3000.00000, 1.44327, 4.57981E-006, 1.43396E-007, 2.24174E-007
12, 3060.00000, 1.44326, -7.81984E-007, 4.87531E-007, 6.4549E-007
12, 3120.00000, 1.44327, -4.06652E-006, 4.87774E-007, 6.46208E-007
12, 3180.00000, 1.44327, -4.3165E-006, 4.88267E-007, 6.48994E-007
12, 3240.00000, 1.44327, -1.95599E-006, 4.88906E-007, 6.52466E-007
12, 3300.00000, 1.44328, 1.27427E-005, 4.89133E-007, 6.55512E-007
12, 3360.00000, 1.44332, 4.80907E-005, -4.48325E-008, 7.44465E-007
12, 3420.00000, 1.44328, 1.38341E-005, -4.63779E-008, 7.44315E-007
12, 3480.00000, 1.44326, -7.62273E-006, -4.66389E-008, 7.43661E-007
12, 3540.00000, 1.44327, 7.78923E-006, -4.63612E-008, 7.44262E-007
13, 0.00000, 1.44327, 4.81011E-006, -4.72027E-008, 7.42665E-007
13, 60.00000, 1.44165, -1.04532E-005, 7.12067E-007, 4.01468E-007
13, 120.00000, 1.44167, -5.17579E-006, 7.1271E-007, 4.00982E-007
13, 180.00000, 1.44168, 2.00722E-006, 7.12752E-007, 3.99825E-007
13, 240.00000, 1.44168, 6.4694E-006, 7.12717E-007, 4.00722E-007
13, 300.00000, 1.44168, 4.54117E-006, 7.12713E-007, 4.01335E-007
13, 360.00000, 1.44165, -1.48E-005, -6.80508E-007, -7.98809E-007
13, 420.00000, 1.44167, -8.79355E-006, -6.81702E-007, -8.03145E-007
13, 480.00000, 1.44168, -3.5796E-006, -6.82505E-007, -8.04346E-007
13, 540.00000, 1.44169, 5.06088E-006, -6.81732E-007, -8.02576E-007
13, 600.00000, 1.44168, -2.76528E-006, -6.82209E-007, -8.03786E-007
13, 660.00000, 1.44168, 8.29353E-007, 1.50409E-007, 2.27151E-007
13, 720.00000, 1.44167, -6.6328E-006, 1.50062E-007, 2.25737E-007
13, 780.00000, 1.44166, -1.45149E-005, 1.50199E-007, 2.26099E-007
13, 840.00000, 1.44169, 8.89175E-006, 1.50724E-007, 2.2827E-007
13, 900.00000, 1.44168, -4.02029E-006, 1.50598E-007, 2.27371E-007
13, 960.00000, 1.44168, -5.06489E-006, 5.86415E-008, 1.02894E-006
13, 1020.00000, 1.44168, 1.98383E-006, 5.78579E-008, 1.02797E-006
13, 1080.00000, 1.4417, 1.63613E-005, 5.90744E-008, 1.02982E-006
13, 1140.00000, 1.44167, -5.17274E-006, 5.92923E-008, 1.02966E-006
13, 1200.00000, 1.44167, -9.16929E-006, 5.87967E-008, 1.02898E-006
13, 1260.00000, 1.44171, 2.24021E-005, 9.0373E-007, 1.4468E-007
13, 1320.00000, 1.44168, 4.58773E-006, 9.03008E-007, 1.45454E-007
13, 1380.00000, 1.44167, -7.69492E-006, 9.03131E-007, 1.446E-007
13, 1440.00000, 1.44167, -1.23899E-005, 9.03239E-007, 1.43354E-007
13, 1500.00000, 1.44169, 9.17428E-006, 9.03082E-007, 1.44413E-007
13, 1560.00000, 1.44168, 5.04845E-006, -2.76476E-007, -1.42995E-007
13, 1620.00000, 1.4417, 1.4397E-005, -2.76871E-007, -1.43445E-007
13, 1680.00000, 1.44169, 1.19528E-005, -2.75613E-007, -1.41143E-007
13, 1740.00000, 1.44167, -4.31276E-006, -2.7544E-007, -1.41142E-007
13, 1800.00000, 1.44171, 2.52332E-005, -2.75943E-007, -1.41682E-007
13, 1860.00000, 1.44169, 4.4244E-006, -6.19427E-007, -5.13954E-007
13, 1920.00000, 1.44168, 6.21346E-007, -6.19534E-007, -5.13797E-007
13, 1980.00000, 1.44169, 7.77425E-006, -6.19761E-007, -5.14047E-007
13, 2040.00000, 1.44168, -6.50418E-006, -6.20487E-007, -5.15596E-007
13, 2100.00000, 1.44168, 3.25058E-006, -6.21662E-007, -5.17568E-007
13, 2160.00000, 1.44167, -8.86136E-006, 5.43209E-008, -9.85187E-008
13, 2220.00000, 1.44168, -3.0211E-006, 5.44817E-008, -9.85094E-008
13, 2280.00000, 1.44168, -4.89755E-006, 5.43234E-008, -9.89579E-008
13, 2340.00000, 1.44168, -4.52831E-006, 5.49731E-008, -9.72032E-008
13, 2400.00000, 1.44168, -4.03068E-006, 5.56152E-008, -9.54984E-008
13, 2460.00000, 1.44167, -1.57401E-005, 6.34351E-008, -1.203E-006
13, 2520.00000, 1.44168, 5.47258E-006, 6.40255E-008, -1.20181E-006
13, 2580.00000, 1.44167, -6.40814E-006, 6.36063E-008, -1.20376E-006
13, 2640.00000, 1.4417, 1.48825E-005, 6.3319E-008, -1.20436E-006
13, 2700.00000, 1.44168, 5.23285E-006, 6.24963E-008, -1.20779E-006
13, 2760.00000, 1.44168, -5.16133E-006, -5.88743E-007, -2.18526E-007
13, 2820.00000, 1.44168, -4.02565E-006, -5.87383E-007, -2.16308E-007
13, 2880.00000, 1.44168, 2.3207E-006, -5.87446E-007, -2.16372E-007
13, 2940.00000, 1.44168, 9.55713E-006, -5.89704E-007, -2.20093E-007
13, 3000.00000, 1.44167, -8.59504E-006, -5.89502E-007, -2.19862E-007
13, 3060.00000, 1.44168, -7.58231E-007, 5.83985E-007, -2.09747E-007
13, 3120.00000, 1.44168, 1.24096E-005, 5.82964E-007, -2.14981E-007
13, 3180.00000, 1.44168, -3.84289E-006, 5.83314E-007, -2.13322E-007
13, 3240.00000, 1.44168, -7.81718E-006, 5.84298E-007, -2.08201E-007
13, 3300.00000, 1.44168, 4.47843E-006, 5.83871E-007, -2.10528E-007
13, 3360.00000, 1.44168, 5.84477E-006, 4.24357E-007, -7.68145E-007
13, 3420.00000, 1.44167, -4.33201E-006, 4.24273E-007, -7.68054E-007
13, 3480.00000, 1.44168, -2.64374E-006, 4.24294E-007, -7.67935E-007
13, 3540.00000, 1.44167, -3.73722E-006, 4.24326E-007, -7.67783E-007
14, 0.00000, 1.44167, -1.06962E-005, 4.24003E-007, -7.69563E-007
14, 60.00000, 0.961856, 1.4233E-005, -3.33519E-007, 6.07042E-007
14, 120.00000, 0.961837, -7.41855E-006, -3.35927E-007, 6.05928E-007
14, 180.00000, 0.961852, 4.1838E-006, -3.34925E-007, 6.07079E-007
14, 240.00000, 0.961841, -4.00185E-006, -3.35631E-007, 6.06262E-007
14, 300.00000, 0.961825, -9.90094E-006, -3.35339E-007, 6.06395E-007
14, 360.00000, 0.961843, -2.82459E-006, -5.20988E-007, -1.52646E-007
14, 420.00000, 0.961874, 1.41488E-005, -5.21438E-007, -1.53079E-007
14, 480.00000, 0.96184, -3.52074E-006, -5.22329E-007, -1.54851E-007
14, 540.00000, 0.961847, 1.17516E-006, -5.22437E-007, -1.5478E-007
14, 600.00000, 0.961825, -9.58705E-006, -5.22055E-007, -1.54456E-007
14, 660.00000, 0.96176, -1.65422E-005, 2.86895E-007, 9.48903E-007
14, 720.00000, 0.961807, -2.14823E-005, 2.88489E-007, 9.46736E-007
14, 780.00000, 0.961837, -6.02425E-006, 2.88311E-007, 9.46671E-007
14, 840.00000, 0.961838, -6.49959E-006, 2.87969E-007, 9.46476E-007
14, 900.00000, 0.961841, -3.94745E-006, 2.87792E-007, 9.46446E-007
14, 960.00000, 0.961824, 9.38339E-007, 4.45937E-007, 8.25952E-007
14, 1020.00000, 0.96182, -1.33834E-005, 4.46219E-007, 8.25301E-007
14, 1080.00000, 0.961868, 1.11088E-005, 4.46163E-007, 8.25565E-007
14, 1140.00000, 0.961835, -9.28778E-006, 4.45894E-007, 8.24475E-007
14, 1200.00000, 0.961867, 1.24959E-005, 4.45709E-007, 8.24734E-007
14, 1260.00000, 0.961816, 2.64836E-005, 4.0995E-007, 6.33889E-007
14, 1320.00000, 0.961858, 8.48011E-006, 4.09624E-007, 6.32065E-007
14, 1380.00000, 0.961827, -1.06019E-005, 4.09767E-007, 6.31823E-007
14, 1440.00000, 0.961851, 5.35575E-006, 4.09922E-007, 6.3274E-007
14, 1500.00000, 0.961837, -4.65817E-006, 4.09996E-007, 6.3262E-007
14, 1560.00000, 0.961786, 1.77635E-005, 1.28119E-006, 4.94885E-007
14, 1620.00000, 0.961861, 1.10786E-005, 1.28142E-006, 4.92915E-007
14, 1680.00000, 0.961838, -5.92756E-006, 1.28225E-006, 4.91858E-007
14, 1740.00000, 0.961844, 9.44085E-007, 1.28318E-006, 4.91028E-007
14, 1800.00000, 0.961848, 2.5883E-006, 1.28327E-006, 4.90995E-007
14, 1860.00000, 0.961854, 2.15882E-006, 6.17546E-009, 5.33441E-007
14, 1920.00000, 0.96185, 5.14076E-006, 6.43442E-009, 5.34249E-007
14, 1980.00000, 0.961842, -4.16104E-006, 6.23302E-009, 5.33797E-007
14, 2040.00000, 0.961841, -5.53087E-006, 5.86069E-009, 5.33321E-007
14, 2100.00000, 0.961842, -3.90992E-006, 5.59783E-009, 5.33049E-007
14, 2160.00000, 0.961848, 2.64589E-006, -6.19746E-007, -5.51558E-007
14, 2220.00000, 0.961841, -4.56289E-006, -6.20865E-007, -5.53267E-007
14, 2280.00000, 0.961843, -1.07159E-006, -6.20872E-007, -5.53138E-007
14, 2340.00000, 0.961846, 2.55768E-006, -6.22932E-007, -5.561E-007
14, 2400.00000, 0.961835, -6.03015E-006, -6.2265E-007, -5.55845E-007
14, 2460.00000, 0.961839, -1.47006E-006, -5.05082E-007, 1.6836E-008
14, 2520.00000, 0.961846, 2.27698E-006, -5.06024E-007, 1.54851E-008
14, 2580.00000, 0.961844, -2.20399E-006, -5.04989E-007, 1.66881E-008
14, 2640.00000, 0.961846, 2.19557E-006, -5.06046E-007, 1.54593E-008
14, 2700.00000, 0.961843, -2.66018E-006, -5.06329E-007, 1.50738E-008
14, 2760.00000, 0.96185, 1.60957E-007, -7.20317E-008, 1.44994E-007
14, 2820.00000, 0.96184, -7.01421E-006, -7.2825E-008, 1.4385E-007
14, 2880.00000, 0.961843, -2.68582E-006, -7.31144E-008, 1.43507E-007
14, 2940.00000, 0.961849, 4.49178E-006, -7.2691E-008, 1.44338E-007
14, 3000.00000, 0.961843, -2.30772E-006, -7.28525E-008, 1.43924E-007
14, 3060.00000, 0.961845, 4.05906E-007, 2.15583E-007, -1.59175E-007
14, 3120.00000, 0.961842, -3.39795E-006, 2.15453E-007, -1.59661E-007
14, 3180.00000, 0.961841, -4.75576E-006, 2.15121E-007, -1.60539E-007
14, 3240.00000, 0.961839, -4.59604E-006, 2.1515E-007, -1.6039E-007
14, 3300.00000, 0.961842, -3.22675E-006, 2.14897E-007, -1.61025E-007
14, 3360.00000, 0.961841, -2.98571E-006, -1.18641E-008, -2.31227E-007
14, 3420.00000, 0.961842, -3.70371E-006, -1.22642E-008, -2.32148E-007
14, 3480.00000, 0.961849, 6.15204E-006, -1.1645E-008, -2.30865E-007
14, 3540.00000, 0.961863, 1.49823E-005, -1.18937E-008, -2.31278E-007
15, 0.00000, 0.961846, 3.0661E-006, -1.28546E-008, -2.31895E-007
15, 60.00000, 0.245904, 1.57212E-006, 4.38496E-008, 7.11104E-008
15, 120.00000, 0.245903, -9.84168E-007, 4.38431E-008, 7.11034E-008
15, 180.00000, 0.245901, -1.87973E-006, 4.38558E-008, 7.11237E-008
15, 240.00000, 0.245902, -2.30331E-006, 4.37703E-008, 7.08569E-008
15, 300.00000, 0.245903, -1.38609E-006, 4.36995E-008, 7.0715E-008
15, 360.00000, 0.245904, -4.10991E-007, 4.10937E-008, 6.82352E-008
15, 420.00000, 0.245899, -3.71332E-006, 4.11182E-008, 6.82558E-008
15, 480.00000, 0.245903, -9.72757E-007, 4.10831E-008, 6.8176E-008
15, 540.00000, 0.245902, -1.82264E-006, 4.10252E-008, 6.79486E-008
15, 600.00000, 0.245904, 3.50921E-007, 4.09105E-008, 6.7713E-008
15, 660.00000, 0.245905, 5.32031E-007, 1.42184E-007, 9.18154E-008
15, 720.00000, 0.245903, -1.02212E-006, 1.42187E-007, 9.17285E-008
15, 780.00000, 0.245907, 2.49211E-006, 1.42178E-007, 9.17278E-008
15, 840.00000, 0.245904, 8.51716E-007, 1.42182E-007, 9.14419E-008
15, 900.00000, 0.245903, -1.92736E-006, 1.42198E-007, 9.12771E-008
15, 960.00000, 0.245892, 5.91846E-006, 6.98579E-008, 2.14889E-007
15, 1020.00000, 0.245905, 1.00394E-006, 6.98629E-008, 2.14395E-007
15, 1080.00000, 0.245903, -1.80122E-006, 6.98464E-008, 2.14339E-007
15, 1140.00000, 0.245903, -1.46845E-006, 6.98239E-008, 2.1431E-007
15, 1200.00000, 0.245906, 1.46352E-006, 6.98055E-008, 2.14334E-007
15, 1260.00000, 0.245904, -1.59427E-006, 6.86477E-008, 1.59483E-007
15, 1320.00000, 0.245903, -1.12883E-006, 6.86255E-008, 1.59444E-007
15, 1380.00000, 0.245907, 2.45341E-006, 6.85984E-008, 1.5946E-007
15, 1440.00000, 0.245904, 5.43428E-008, 6.85998E-008, 1.59431E-007
15, 1500.00000, 0.245903, -1.76246E-006, 6.85561E-008, 1.59342E-007
15, 1560.00000, 0.245904, -2.61871E-007, 1.01505E-007, -5.53445E-008
15, 1620.00000, 0.245903, -1.17692E-006, 1.01475E-007, -5.55566E-008
15, 1680.00000, 0.245907, 2.67813E-006, 1.01462E-007, -5.55918E-008
15, 1740.00000, 0.245903, -1.7316E-006, 1.01411E-007, -5.59586E-008
15, 1800.00000, 0.245903, -7.38509E-007, 1.01383E-007, -5.6092E-008
15, 1860.00000, 0.245907, -7.31155E-007, 6.02153E-009, 9.66876E-008
15, 1920.00000, 0.245903, -2.05847E-006, 5.81209E-009, 9.65656E-008
15, 1980.00000, 0.245902, -2.33844E-006, 5.83459E-009, 9.66009E-008
15, 2040.00000, 0.245903, -1.33586E-006, 5.73228E-009, 9.65076E-008
15, 2100.00000, 0.245903, -1.67307E-006, 5.6028E-009, 9.63837E-008
15, 2160.00000, 0.245904, -5.38301E-007, 1.9792E-007, 1.02843E-007
15, 2220.00000, 0.245903, -1.45616E-006, 1.97936E-007, 1.02775E-007
15, 2280.00000, 0.245903, -2.11179E-006, 1.97959E-007, 1.0266E-007
15, 2340.00000, 0.245901, -3.30912E-006, 1.97944E-007, 1.02683E-007
15, 2400.00000, 0.245903, -1.57085E-006, 1.97964E-007, 1.02619E-007
15, 2460.00000, 0.245904, -1.38512E-007, 1.52128E-007, -4.62032E-008
15, 2520.00000, 0.245907, 2.74482E-006, 1.52115E-007, -4.62472E-008
15, 2580.00000, 0.245908, 4.65893E-006, 1.52109E-007, -4.63483E-008
15, 2640.00000, 0.245906, 1.93803E-006, 1.52108E-007, -4.64152E-008
15, 2700.00000, 0.245903, -9.21038E-007, 1.52113E-007, -4.65966E-008
15, 2760.00000, 0.245904, 8.29473E-007, 3.90394E-008, 5.5626E-008
15, 2820.00000, 0.245904, -4.76463E-007, 3.90308E-008, 5.56328E-008
15, 2880.00000, 0.245904, 6.68028E-007, 3.8948E-008, 5.54792E-008
15, 2940.00000, 0.245907, 3.39516E-006, 3.89218E-008, 5.54598E-008
15, 3000.00000, 0.245904, 1.2228E-006, 3.89615E-008, 5.55228E-008
15, 3060.00000, 0.245904, -5.93104E-007, -7.36478E-008, 1.64429E-007
15, 3120.00000, 0.245904, 4.52259E-007, -7.38506E-008, 1.64341E-007
15, 3180.00000, 0.245903, -1.43581E-006, -7.3943E-008, 1.64289E-007
15, 3240.00000, 0.245904, 3.20117E-007, -7.41691E-008, 1.64195E-007
15, 3300.00000, 0.245905, 7.90805E-007, -7.4186E-008, 1.64195E-007
15, 3360.00000, 0.245905, 1.78233E-006, 5.38927E-009, 1.44669E-007
15, 3420.00000, 0.245901, -2.79281E-006, 5.39911E-009, 1.44677E-007
15, 3480.00000, 0.245903, -1.65258E-006, 5.30774E-009, 1.44596E-007
15, 3540.00000, 0.245903, -1.40488E-006, 5.23164E-009, 1.44518E-007
16, 0.00000, 0.245903, -2.01059E-006, 5.1212E-009, 1.44399E-007
16, 60.00000, 0.196667, -7.39003E-007, 1.5149E-007, -7.08322E-008
16, 120.00000, 0.196666, -1.30913E-006, 1.51496E-007, -7.10069E-008
16, 180.00000, 0.196667, 7.09039E-007, 1.51487E-007, -7.13114E-008
16, 240.00000, 0.196668, 1.71561E-006, 1.51488E-007, -7.13436E-008
16, 300.00000, 0.196666, -1.28671E-006, 1.5149E-007, -7.15185E-008
16, 360.00000, 0.196667, -2.28831E-007, -2.96101E-008, 1.09073E-007
16, 420.00000, 0.196666, -1.30079E-006, -2.974E-008, 1.08985E-007
16, 480.00000, 0.196667, 3.28653E-007, -2.99303E-008, 1.08865E-007
16, 540.00000, 0.196666, -1.50815E-006, -3.00743E-008, 1.08759E-007
16, 600.00000, 0.196666, -1.10673E-006, -3.01958E-008, 1.08683E-007
16, 660.00000, 0.196667, 6.56624E-007, 1.04652E-007, 3.31822E-008
16, 720.00000, 0.196666, -9.46733E-007, 1.04596E-007, 3.30696E-008
16, 780.00000, 0.196668, 1.81974E-006, 1.04585E-007, 3.30527E-008
16, 840.00000, 0.196664, -2.63048E-006, 1.04599E-007, 3.30798E-008
16, 900.00000, 0.196666, -9.18729E-007, 1.04556E-007, 3.29778E-008
16, 960.00000, 0.196667, -9.05678E-008, -3.06491E-008, 1.05939E-007
16, 1020.00000, 0.196666, -1.35718E-006, -3.08182E-008, 1.05816E-007
16, 1080.00000, 0.196666, -1.59539E-006, -3.10155E-008, 1.05682E-007
16, 1140.00000, 0.196667, 1.34557E-007, -3.14404E-008, 1.05421E-007
16, 1200.00000, 0.196666, -7.52486E-007, -3.15355E-008, 1.05345E-007
16, 1260.00000, 0.196666, -5.92915E-007, 2.75551E-007, 1.14026E-007
16, 1320.00000, 0.196667, 1.02878E-006, 2.75558E-007, 1.14017E-007
16, 1380.00000, 0.196666, -9.53547E-007, 2.75587E-007, 1.13942E-007
16, 1440.00000, 0.196666, -1.38305E-006, 2.75637E-007, 1.13847E-007
16, 1500.00000, 0.196665, -1.6228E-006, 2.75627E-007, 1.13864E-007
16, 1560.00000, 0.196667, 1.93367E-007, 1.2815E-007, 1.45315E-007
16, 1620.00000, 0.196667, -5.07876E-007, 1.28345E-007, 1.45608E-007
16, 1680.00000, 0.196666, -3.34852E-007, 1.28777E-007, 1.46275E-007
16, 1740.00000, 0.196666, -1.81781E-006, 1.28718E-007, 1.46164E-007
16, 1800.00000, 0.196666, -1.65721E-006, 1.28662E-007, 1.46083E-007
16, 1860.00000, 0.196667, 4.55323E-009, -5.86255E-008, 1.76834E-008
16, 1920.00000, 0.196666, -9.62879E-007, -5.87823E-008, 1.75405E-008
16, 1980.00000, 0.196666, -8.37385E-007, -5.89088E-008, 1.74313E-008
16, 2040.00000, 0.196666, -2.11438E-006, -5.92359E-008, 1.71316E-008
16, 2100.00000, 0.196666, -1.13537E-006, -5.92103E-008, 1.71633E-008
16, 2160.00000, 0.196667, -1.94849E-007, -8.41321E-009, -8.67289E-008
16, 2220.00000, 0.196666, -5.65727E-007, -8.48905E-009, -8.68714E-008
16, 2280.00000, 0.196666, -1.40654E-006, -8.66364E-009, -8.71996E-008
16, 2340.00000, 0.196666, -1.30096E-006, -8.82592E-009, -8.74995E-008
16, 2400.00000, 0.196665, -1.41261E-006, -8.80149E-009, -8.74517E-008
16, 2460.00000, 0.196667, -3.17148E-007, 2.44237E-008, 4.2893E-008
16, 2520.00000, 0.196667, 1.87833E-007, 2.40082E-008, 4.2409E-008
16, 2580.00000, 0.196666, -1.68173E-006, 2.38122E-008, 4.21425E-008
16, 2640.00000, 0.196666, -1.08099E-006, 2.36862E-008, 4.19894E-008
16, 2700.00000, 0.196666, -6.1428E-007, 2.36175E-008, 4.19061E-008
16, 2760.00000, 0.196667, -4.99716E-008, -1.31403E-007, 3.88177E-008
16, 2820.00000, 0.196669, 2.4001E-006, -1.31481E-007, 3.87801E-008
16, 2880.00000, 0.196666, -1.3689E-006, -1.31442E-007, 3.87903E-008
16, 2940.00000, 0.196667, 2.26844E-007, -1.34199E-007, 3.68394E-008
16, 3000.00000, 0.196668, 2.16748E-006, -1.34268E-007, 3.68058E-008
16, 3060.00000, 0.196667, -1.46602E-008, 3.6074E-008, -6.94384E-008
16, 3120.00000, 0.196666, -9.90889E-007, 3.59577E-008, -6.96801E-008
16, 3180.00000, 0.196666, -1.93362E-006, 3.57136E-008, -7.01573E-008
16, 3240.00000, 0.196666, -2.28492E-006, 3.54213E-008, -7.07223E-008
16, 3300.00000, 0.196666, -7.88775E-007, 3.51723E-008, -7.11759E-008
16, 3360.00000, 0.196667, 7.25058E-007, -2.6958E-008, -9.22671E-009
16, 3420.00000, 0.196666, -4.47001E-007, -2.71215E-008, -9.42891E-009
16, 3480.00000, 0.196666, -1.03656E-006, -2.73957E-008, -9.78056E-009
16, 3540.00000, 0.19667, 3.33139E-006, -2.74767E-008, -9.90517E-009
17, 0.00000, 0.196664, -2.46197E-006, -2.74184E-008, -9.80794E-009
17, 60.00000, 0.0631689, 2.30442E-008, -5.00376E-009, 5.94036E-008
17, 120.00000, 0.0631687, -5.22572E-007, -5.10679E-009, 5.93704E-008
17, 180.00000, 0.0631694, 6.07455E-007, -5.11593E-009, 5.93686E-008
17, 240.00000, 0.0631688, -2.17248E-007, -5.15152E-009, 5.9355E-008
17, 300.00000, 0.0631687, -5.00288E-007, -5.24593E-009, 5.93208E-008
17, 360.00000, 0.0631689, 2.80461E-008, 5.01347E-008, 2.44651E-008
17, 420.00000, 0.0631687, -4.10185E-007, 5.01042E-008, 2.43904E-008
17, 480.00000, 0.0631692, 4.75691E-007, 5.01064E-008, 2.43825E-008
17, 540.00000, 0.0631689, 2.04919E-007, 5.01203E-008, 2.44263E-008
17, 600.00000, 0.0631694, 6.74373E-007, 5.01164E-008, 2.44127E-008
17, 660.00000, 0.0631688, -1.28425E-007, 1.3017E-008, 2.53275E-008
17, 720.00000, 0.0631688, -4.00312E-007, 1.29359E-008, 2.52562E-008
17, 780.00000, 0.0631694, 7.15152E-007, 1.29258E-008, 2.52442E-008
17, 840.00000, 0.0631688, -2.37171E-007, 1.2879E-008, 2.52036E-008
17, 900.00000, 0.0631688, -4.43877E-007, 1.27917E-008, 2.51245E-008
17, 960.00000, 0.0631688, 5.40095E-008, 4.35728E-009, 3.69382E-010
17, 1020.00000, 0.0631698, 1.28599E-006, 4.32579E-009, 3.32621E-010
17, 1080.00000, 0.0631688, -1.0978E-007, 4.32458E-009, 3.35146E-010
17, 1140.00000, 0.0631688, -2.32519E-007, 4.27203E-009, 2.62638E-010
17, 1200.00000, 0.0631688, -3.81482E-007, 4.18627E-009, 1.42759E-010
17, 1260.00000, 0.0631688, 1.51121E-007, 3.4158E-008, 2.24527E-008
17, 1320.00000, 0.0631688, -3.60093E-007, 3.41195E-008, 2.23634E-008
17, 1380.00000, 0.0631688, -1.91418E-007, 3.41047E-008, 2.23193E-008
17, 1440.00000, 0.0631687, -5.59135E-007, 3.40471E-008, 2.21713E-008
17, 1500.00000, 0.0631688, -3.59714E-007, 3.40141E-008, 2.20781E-008
17, 1560.00000, 0.063169, 7.72125E-008, 3.26013E-008, 7.82147E-009
17, 1620.00000, 0.0631688, -3.30912E-007, 3.256E-008, 7.71815E-009
17, 1680.00000, 0.0631685, -5.59211E-007, 3.25685E-008, 7.73516E-009
17, 1740.00000, 0.0631688, -1.56784E-007, 3.2548E-008, 7.6867E-009
17, 1800.00000, 0.0631688, -2.24275E-007, 3.25167E-008, 7.6149E-009
17, 1860.00000, 0.0631688, -1.26904E-007, 3.14956E-008, 5.81423E-009
17, 1920.00000, 0.0631688, -1.4834E-007, 3.14727E-008, 5.76587E-009
17, 1980.00000, 0.0631688, 6.5722E-009, 3.13566E-008, 5.49952E-009
17, 2040.00000, 0.0631696, 1.17931E-006, 3.13417E-008, 5.46196E-009
17, 2100.00000, 0.0631696, 1.13945E-006, 3.13261E-008, 5.42642E-009
17, 2160.00000, 0.0631691, -1.43143E-007, 3.03324E-008, 7.32989E-009
17, 2220.00000, 0.0631688, -2.85356E-007, 3.02977E-008, 7.22519E-009
17, 2280.00000, 0.0631688, -4.08558E-007, 3.02437E-008, 7.07396E-009
17, 2340.00000, 0.0631688, -3.34055E-007, 3.02003E-008, 6.94892E-009
17, 2400.00000, 0.0631694, 8.12402E-007, 3.01954E-008, 6.92194E-009
17, 2460.00000, 0.0631691, 1.01028E-007, -3.61983E-009, 2.09411E-008
17, 2520.00000, 0.0631689, -2.27138E-007, -3.69208E-009, 2.08789E-008
17, 2580.00000, 0.0631689, -3.44651E-007, -3.80451E-009, 2.07786E-008
17, 2640.00000, 0.0631693, 7.33569E-007, -3.82216E-009, 2.07592E-008
17, 2700.00000, 0.0631689, -2.75763E-007, -3.91585E-009, 2.06777E-008
17, 2760.00000, 0.0631688, -2.86268E-007, -7.54966E-009, 6.01282E-008
17, 2820.00000, 0.0631692, 5.2113E-007, -7.56806E-009, 6.01179E-008
17, 2880.00000, 0.0631689, -3.77412E-007, -7.68075E-009, 6.00636E-008
17, 2940.00000, 0.0631689, -3.52963E-007, -7.7825E-009, 6.00134E-008
17, 3000.00000, 0.0631689, 2.33266E-007, -7.67558E-009, 6.0064E-008
17, 3060.00000, 0.0631688, 8.83283E-008, -5.85717E-008, 2.05998E-008
17, 3120.00000, 0.063169, -2.72509E-007, -5.87258E-008, 2.05033E-008
17, 3180.00000, 0.063169, 4.06813E-008, -5.87263E-008, 2.05017E-008
17, 3240.00000, 0.0631689, 2.20843E-007, -5.85906E-008, 2.05926E-008
17, 3300.00000, 0.0631697, 1.37299E-006, -5.86547E-008, 2.05496E-008
17, 3360.00000, 0.063169, -4.73839E-008, 5.0876E-009, 1.01663E-008
17, 3420.00000, 0.0631689, -3.28271E-007, 4.99408E-009, 1.00326E-008
17, 3480.00000, 0.0631689, -1.52649E-007, 4.95174E-009, 9.97165E-009
17, 3540.00000, 0.0631689, -2.03493E-007, 4.89084E-009, 9.88725E-009
18, 0.00000, 0.0631689, -1.58727E-007, 4.84432E-009, 9.82182E-009
18, 60.00000, -0.0702255, 6.62157E-008, -6.52583E-009, 4.45365E-008
18, 120.00000, -0.0702255, 1.58685E-007, -6.47776E-009, 4.46684E-008
18, 180.00000, -0.0702255, 2.9752E-007, -6.38355E-009, 4.49049E-008
18, 240.00000, -0.070226, -9.27531E-007, -6.34814E-009, 4.49295E-008
18, 300.00000, -0.0702255, 2.04971E-007, -6.28576E-009, 4.51262E-008
18, 360.00000, -0.0702256, -6.37556E-008, -2.97533E-008, -4.79093E-008
18, 420.00000, -0.0702255, 2.17729E-007, -2.9701E-008, -4.78505E-008
18, 480.00000, -0.0702255, 3.47591E-007, -2.96296E-008, -4.77439E-008
18, 540.00000, -0.0702255, 2.98995E-007, -2.95629E-008, -4.76561E-008
18, 600.00000, -0.0702255, 3.07501E-007, -2.94949E-008, -4.7562E-008
18, 660.00000, -0.0702255, -1.28138E-008, 3.86899E-011, -9.82601E-008
18, 720.00000, -0.0702256, 2.72808E-007, 1.07622E-010, -9.82251E-008
18, 780.00000, -0.0702256, 3.02872E-007, 1.98893E-010, -9.82009E-008
18, 840.00000, -0.0702253, 4.76273E-007, 1.91737E-010, -9.82015E-008
18, 900.00000, -0.0702256, 2.85285E-007, 2.72208E-010, -9.81829E-008
18, 960.00000, -0.0702256, 2.32467E-007, -5.39994E-008, -2.48983E-008
18, 1020.00000, -0.0702255, 3.32093E-007, -5.39627E-008, -2.47673E-008
18, 1080.00000, -0.0702257, -5.95026E-007, -5.39409E-008, -2.47615E-008
18, 1140.00000, -0.0702259, -8.62309E-007, -5.39284E-008, -2.47323E-008
18, 1200.00000, -0.0702259, -1.02345E-006, -5.39153E-008, -2.46957E-008
18, 1260.00000, -0.0702255, 4.31188E-007, 2.43396E-008, -1.72211E-008
18, 1320.00000, -0.0702257, -4.07793E-007, 2.43415E-008, -1.72403E-008
18, 1380.00000, -0.0702256, 2.65213E-007, 2.44745E-008, -1.70827E-008
18, 1440.00000, -0.0702256, 1.94418E-007, 2.45805E-008, -1.6977E-008
18, 1500.00000, -0.0702262, -1.58289E-006, 2.46641E-008, -1.69398E-008
18, 1560.00000, -0.0702257, 7.72813E-009, 5.89859E-008, 7.25204E-009
18, 1620.00000, -0.0702257, 3.3663E-007, 5.92426E-008, 7.4826E-009
18, 1680.00000, -0.0702257, 2.2162E-007, 5.94221E-008, 7.6417E-009
18, 1740.00000, -0.0702256, 1.42083E-007, 5.9541E-008, 7.74723E-009
18, 1800.00000, -0.0702255, 3.29342E-007, 5.95274E-008, 7.73327E-009
18, 1860.00000, -0.0702251, 5.10017E-008, 9.66609E-010, -3.9765E-008
18, 1920.00000, -0.0702256, 2.49236E-007, 1.05015E-009, -3.96247E-008
18, 1980.00000, -0.0702257, -7.85277E-007, 1.10348E-009, -3.96152E-008
18, 2040.00000, -0.0702256, 2.49419E-007, 1.21587E-009, -3.94781E-008
18, 2100.00000, -0.0702257, 2.59752E-007, 1.35602E-009, -3.93524E-008
18, 2160.00000, -0.0702254, 2.61023E-007, -6.30643E-009, -6.80809E-008
18, 2220.00000, -0.0702256, 2.61822E-007, -6.23152E-009, -6.8022E-008
18, 2280.00000, -0.0702256, 2.04802E-007, -6.16011E-009, -6.79743E-008
18, 2340.00000, -0.0702256, 2.18427E-007, -6.08335E-009, -6.79197E-008
18, 2400.00000, -0.0702257, 3.11984E-007, -5.96014E-009, -6.78279E-008
18, 2460.00000, -0.0702255, -1.10279E-007, 8.61947E-008, -1.23252E-008
18, 2520.00000, -0.0702256, -3.98595E-008, 8.61973E-008, -1.23091E-008
18, 2580.00000, -0.0702258, 3.44815E-007, 8.65076E-008, -1.2064E-008
18, 2640.00000, -0.0702258, 2.80805E-007, 8.67794E-008, -1.18662E-008
18, 2700.00000, -0.0702252, 1.52267E-006, 8.66868E-008, -1.19156E-008
18, 2760.00000, -0.0702256, -4.78011E-008, -3.49864E-008, 1.3038E-009
18, 2820.00000, -0.0702252, -3.09718E-007, -3.50851E-008, 1.05501E-009
18, 2880.00000, -0.0702257, 2.31499E-007, -3.5017E-008, 1.24675E-009
18, 2940.00000, -0.0702256, 1.72003E-007, -3.49406E-008, 1.38412E-009
18, 3000.00000, -0.0702254, 1.66933E-007, -3.49367E-008, 1.37539E-009
18, 3060.00000, -0.0702255, 8.26532E-008, 6.38277E-008, 9.89643E-009
18, 3120.00000, -0.0702259, -1.60357E-006, 6.39157E-008, 9.97166E-009
18, 3180.00000, -0.0702258, 2.2392E-007, 6.41148E-008, 1.02347E-008
18, 3240.00000, -0.0702259, -1.50905E-006, 6.42244E-008, 1.03032E-008
18, 3300.00000, -0.0702258, -1.24167E-006, 6.42919E-008, 1.03829E-008
18, 3360.00000, -0.0702254, -1.41126E-007, 1.07555E-008, -4.05744E-009
18, 3420.00000, -0.0702252, 1.62313E-006, 1.06645E-008, -4.10748E-009
18, 3480.00000, -0.0702257, -7.78376E-007, 1.07251E-008, -4.09844E-009
18, 3540.00000, -0.0702258, -1.6623E-006, 1.08112E-008, -4.01677E-009
19, 0.00000, -0.0702257, 1.5155E-007, 1.09033E-008, -3.84149E-009
19, 60.00000, -0.615607, 1.36625E-006, -7.56192E-008, -6.49091E-007
19, 120.00000, -0.615607, -7.34305E-006, -7.50068E-008, -6.49117E-007
19, 180.00000, -0.615607, -8.62572E-006, -7.45905E-008, -6.48919E-007
19, 240.00000, -0.615608, -1.32433E-005, -7.39431E-008, -6.4867E-007
19, 300.00000, -0.615607, -9.34361E-006, -7.35523E-008, -6.4837E-007
19, 360.00000, -0.615607, -3.64019E-006, -3.89427E-007, -3.51301E-007
19, 420.00000, -0.615608, -1.34896E-005, -3.88642E-007, -3.50874E-007
19, 480.00000, -0.615608, -1.34573E-005, -3.88294E-007, -3.50279E-007
19, 540.00000, -0.615604, 1.12611E-006, -3.8798E-007, -3.49193E-007
19, 600.00000, -0.615605, 1.55287E-006, -3.872E-007, -3.47789E-007
19, 660.00000, -0.615605, -1.19272E-007, 5.06164E-008, 8.49712E-007
19, 720.00000, -0.615603, 4.4542E-006, 5.02888E-008, 8.49064E-007
19, 780.00000, -0.615608, -1.68975E-005, 5.13763E-008, 8.50754E-007
19, 840.00000, -0.615608, -1.56075E-005, 5.21252E-008, 8.52557E-007
19, 900.00000, -0.615608, -1.74415E-005, 5.3008E-008, 8.54556E-007
19, 960.00000, -0.615603, 5.0819E-007, -1.37925E-007, -4.09582E-007
19, 1020.00000, -0.615605, 1.51025E-006, -1.36813E-007, -4.08328E-007
19, 1080.00000, -0.615606, -7.15607E-006, -1.36372E-007, -4.08151E-007
19, 1140.00000, -0.615603, 5.58722E-006, -1.36711E-007, -4.08163E-007
19, 1200.00000, -0.615606, -8.89311E-006, -1.3619E-007, -4.08014E-007
19, 1260.00000, -0.615618, -1.02789E-005, -8.36533E-007, 5.39828E-008
19, 1320.00000, -0.615606, -1.49341E-005, -8.34894E-007, 5.50581E-008
19, 1380.00000, -0.615604, -4.56917E-006, -8.35021E-007, 5.55543E-008
19, 1440.00000, -0.615605, -1.33428E-005, -8.34817E-007, 5.6597E-008
19, 1500.00000, -0.615605, -1.29585E-005, -8.34739E-007, 5.77116E-008
19, 1560.00000, -0.615605, 1.50863E-007, 1.01316E-007, -7.87818E-008
19, 1620.00000, -0.615605, -2.7296E-006, 1.01545E-007, -7.86466E-008
19, 1680.00000, -0.615607, -1.47717E-005, 1.0248E-007, -7.77271E-008
19, 1740.00000, -0.615606, -1.57527E-005, 1.03351E-007, -7.6613E-008
19, 1800.00000, -0.615605, 7.15629E-007, 1.04253E-007, -7.50049E-008
19, 1860.00000, -0.615603, -5.51087E-007, -4.81503E-007, -6.45514E-007
19, 1920.00000, -0.615604, -9.38981E-006, -4.81043E-007, -6.45185E-007
19, 1980.00000, -0.615604, -1.3149E-005, -4.80541E-007, -6.44742E-007
19, 2040.00000, -0.615604, -9.00027E-006, -4.80291E-007, -6.4435E-007
19, 2100.00000, -0.615604, -6.54708E-006, -4.80094E-007, -6.44066E-007
19, 2160.00000, -0.615607, -5.31432E-007, -1.42504E-007, 5.70161E-007
19, 2220.00000, -0.615605, -1.06412E-005, -1.41853E-007, 5.7105E-007
19, 2280.00000, -0.615605, -1.0725E-005, -1.41474E-007, 5.72164E-007
19, 2340.00000, -0.615605, -8.58578E-006, -1.41195E-007, 5.73064E-007
19, 2400.00000, -0.615605, -9.3176E-006, -1.40865E-007, 5.7402E-007
19, 2460.00000, -0.615602, 1.40637E-007, 3.45029E-007, 4.26678E-007
19, 2520.00000, -0.615604, -1.46681E-005, 3.46154E-007, 4.28169E-007
19, 2580.00000, -0.615604, -1.4432E-005, 3.47267E-007, 4.29703E-007
19, 2640.00000, -0.615604, -1.65669E-005, 3.48598E-007, 4.31462E-007
19, 2700.00000, -0.615604, -8.50778E-006, 3.49121E-007, 4.32431E-007
19, 2760.00000, -0.615597, -4.999E-006, -1.43203E-007, -5.41999E-007
19, 2820.00000, -0.615604, -1.35686E-006, -1.43403E-007, -5.41215E-007
19, 2880.00000, -0.615604, -1.30701E-005, -1.42655E-007, -5.40624E-007
19, 2940.00000, -0.615603, -1.5699E-005, -1.41896E-007, -5.39811E-007
19, 3000.00000, -0.615604, -7.31373E-006, -1.41653E-007, -5.39341E-007
19, 3060.00000, -0.615607, -3.5323E-006, -8.68293E-008, -2.55652E-007
19, 3120.00000, -0.615604, -8.19099E-006, -8.5957E-008, -2.54915E-007
19, 3180.00000, -0.615604, -9.53345E-006, -8.54544E-008, -2.54174E-007
19, 3240.00000, -0.615604, -5.97553E-006, -8.51953E-008, -2.53678E-007
19, 3300.00000, -0.615603, -1.76011E-005, -8.41531E-008, -2.5238E-007
19, 3360.00000, -0.615603, 1.92844E-007, -1.78234E-007, -5.51198E-007
19, 3420.00000, -0.615605, 5.78723E-006, -1.78611E-007, -5.51443E-007
19, 3480.00000, -0.615604, -9.92003E-009, -1.78488E-007, -5.5144E-007
19, 3540.00000, -0.615602, -1.08785E-005, -1.77719E-007, -5.50801E-007
20, 0.00000, -0.615603, -8.83399E-006, -1.7727E-007, -5.5021E-007
20, 60.00000, -1.62094, -4.07893E-006, -4.56375E-007, 4.52609E-007
20, 120.00000, -1.62094, -3.85357E-005, -4.54487E-007, 4.54924E-007
20, 180.00000, -1.62094, -3.95752E-005, -4.53381E-007, 4.57495E-007
20, 240.00000, -1.62094, -3.81354E-005, -4.52331E-007, 4.60004E-007
20, 300.00000, -1.62093, -5.92283E-006, -4.52458E-007, 4.60764E-007
20, 360.00000, -1.62094, 3.17316E-006, -2.53079E-006, -1.21662E-006
20, 420.00000, -1.62094, -3.33185E-005, -2.53112E-006, -1.21632E-006
20, 480.00000, -1.62094, -1.33824E-005, -2.53152E-006, -1.21563E-006
20, 540.00000, -1.62093, -1.20798E-006, -2.53163E-006, -1.21541E-006
20, 600.00000, -1.62093, -8.62879E-007, -2.53168E-006, -1.21535E-006
20, 660.00000, -1.62095, 2.57402E-005, 1.03174E-006, -8.35019E-007
20, 720.00000, -1.62094, -3.07694E-005, 1.0343E-006, -8.36758E-007
20, 780.00000, -1.62094, -1.79851E-005, 1.03537E-006, -8.35912E-007
20, 840.00000, -1.62094, -1.76052E-005, 1.03651E-006, -8.35248E-007
20, 900.00000, -1.62094, -2.01645E-005, 1.03784E-006, -8.34524E-007
20, 960.00000, -1.62093, 1.03441E-006, -1.08077E-006, -8.15333E-007
20, 1020.00000, -1.62094, -1.65262E-005, -1.08043E-006, -8.1481E-007
20, 1080.00000, -1.62094, -3.48799E-005, -1.07966E-006, -8.13552E-007
20, 1140.00000, -1.62094, -2.66165E-005, -1.07929E-006, -8.12319E-007
20, 1200.00000, -1.62093, -9.68261E-006, -1.07928E-006, -8.11695E-007
20, 1260.00000, -1.62094, -5.54054E-007, -8.61506E-007, 8.73173E-009
20, 1320.00000, -1.62094, -1.54492E-005, -8.60815E-007, 9.53442E-009
20, 1380.00000, -1.62093, -1.01708E-005, -8.60617E-007, 1.0253E-008
20, 1440.00000, -1.62093, -1.2699E-005, -8.60279E-007, 1.10443E-008
20, 1500.00000, -1.62093, -1.2717E-005, -8.59965E-007, 1.18653E-008
20, 1560.00000, -1.62093, 1.42499E-006, -5.0724E-007, -1.26787E-006
20, 1620.00000, -1.62093, -6.61063E-006, -5.07118E-007, -1.26768E-006
20, 1680.00000, -1.62093, -1.29678E-006, -5.07095E-007, -1.26755E-006
20, 1740.00000, -1.62093, -3.91186E-006, -5.06906E-007, -1.26743E-006
20, 1800.00000, -1.62093, -2.14951E-006, -5.06816E-007, -1.2673E-006
20, 1860.00000, -1.62093, -9.40248E-008, 1.65426E-007, -1.43258E-006
20, 1920.00000, -1.62093, -4.70429E-006, 1.65861E-007, -1.43239E-006
20, 1980.00000, -1.62094, -1.05006E-005, 1.66482E-007, -1.43212E-006
20, 2040.00000, -1.62093, -3.66264E-006, 1.66641E-007, -1.4319E-006
20, 2100.00000, -1.62093, 1.43966E-006, 1.66582E-007, -1.43184E-006
20, 2160.00000, -1.62093, -2.77679E-006, -7.46749E-007, -5.26734E-007
20, 2220.00000, -1.62093, -4.64399E-006, -7.4656E-007, -5.26328E-007
20, 2280.00000, -1.62093, 5.55185E-007, -7.46633E-007, -5.26254E-007
20, 2340.00000, -1.62093, -1.2737E-005, -7.46071E-007, -5.25915E-007
20, 2400.00000, -1.62093, -1.27067E-005, -7.45668E-007, -5.25378E-007
20, 2460.00000, -1.62094, 6.64705E-007, -1.04664E-007, 3.169E-007
20, 2520.00000, -1.62093, -3.22126E-006, -1.04253E-007, 3.16849E-007
20, 2580.00000, -1.62093, -1.08509E-005, -1.03734E-007, 3.1741E-007
20, 2640.00000, -1.62093, -3.06057E-007, -1.03844E-007, 3.17548E-007
20, 2700.00000, -1.62093, -3.17231E-007, -1.03846E-007, 3.17546E-007
20, 2760.00000, -1.62093, 9.93596E-006, -2.43079E-006, -5.10828E-007
20, 2820.00000, -1.62093, 4.61983E-007, -2.43099E-006, -5.11431E-007
20, 2880.00000, -1.62093, 4.97449E-007, -2.43097E-006, -5.11435E-007
20, 2940.00000, -1.62093, 5.11636E-007, -2.43097E-006, -5.11434E-007
20, 3000.00000, -1.62093, 5.11482E-007, -2.43097E-006, -5.11434E-007
20, 3060.00000, -1.62093, -5.91547E-006, 1.44326E-006, -7.85665E-007
20, 3120.00000, -1.62094, 1.0548E-006, 1.44317E-006, -7.8524E-007
20, 3180.00000, -1.62094, 8.00565E-007, 1.44315E-006, -7.85248E-007
20, 3240.00000, -1.62094, 7.84238E-007, 1.44315E-006, -7.85249E-007
20, 3300.00000, -1.62094, 7.85198E-007, 1.44315E-006, -7.85249E-007
20, 3360.00000, -1.62094, 2.39843E-006, 1.53359E-007, -7.39211E-008
20, 3420.00000, -1.62093, 6.18155E-008, 1.53339E-007, -7.40545E-008
20, 3480.00000, -1.62093, 6.47295E-008, 1.53348E-007, -7.40573E-008
20, 3540.00000, -1.62093, 7.41424E-008, 1.53348E-007, -7.40568E-008
21, 0.00000, -1.62093, 7.40905E-008, 1.53348E-007, -7.40568E-008
21, 60.00000, -1.65156, -3.65817E-006, 3.71726E-007, 7.42531E-007
21, 120.00000, -1.65156, -8.86268E-007, 3.71923E-007, 7.42672E-007
21, 180.00000, -1.65156, -7.34318E-007, 3.71919E-007, 7.42682E-007
21, 240.00000, -1.65156, -7.42174E-007, 3.71919E-007, 7.42682E-007
21, 300.00000, -1.65156, -7.42714E-007, 3.71919E-007, 7.42682E-007
21, 360.00000, -1.65156, -2.24673E-006, -1.6544E-006, 1.23891E-006
21, 420.00000, -1.65156, -1.10288E-006, -1.65436E-006, 1.23898E-006
21, 480.00000, -1.65156, -1.24406E-006, -1.65436E-006, 1.23897E-006
21, 540.00000, -1.65156, -1.23952E-006, -1.65436E-006, 1.23897E-006
21, 600.00000, -1.65156, -1.23895E-006, -1.65436E-006, 1.23897E-006
21, 660.00000, -1.65156, -1.61663E-007, 1.88394E-006, -1.06726E-006
21, 720.00000, -1.65156, 1.05486E-006, 1.8841E-006, -1.06732E-006
21, 780.00000, -1.65156, 1.07699E-006, 1.8841E-006, -1.06732E-006
21, 840.00000, -1.65156, 1.06728E-006, 1.8841E-006, -1.06732E-006
21, 900.00000, -1.65156, 1.06728E-006, 1.8841E-006, -1.06732E-006
21, 960.00000, -1.65156, 3.6583E-006, 1.08999E-007, -4.30249E-007
21, 1020.00000, -1.65156, 3.74827E-007, 1.0877E-007, -4.30344E-007
21, 1080.00000, -1.65156, 4.2194E-007, 1.08778E-007, -4.30345E-007
21, 1140.00000, -1.65156, 4.30684E-007, 1.08778E-007, -4.30345E-007
21, 1200.00000, -1.65156, 4.30374E-007, 1.08778E-007, -4.30345E-007
21, 1260.00000, -1.65156, 1.5015E-006, -2.37446E-006, -2.55172E-006
21, 1320.00000, -1.65156, 2.46281E-006, -2.37442E-006, -2.55165E-006
21, 1380.00000, -1.65156, 2.55547E-006, -2.37442E-006, -2.55164E-006
21, 1440.00000, -1.65156, 2.55198E-006, -2.37442E-006, -2.55164E-006
21, 1500.00000, -1.65156, 2.55163E-006, -2.37442E-006, -2.55164E-006
21, 1560.00000, -1.65156, -1.40623E-005, 3.58956E-007, -7.66885E-007
21, 1620.00000, -1.65156, 1.02225E-006, 3.59661E-007, -7.66182E-007
21, 1680.00000, -1.65156, 7.46361E-007, 3.59667E-007, -7.66196E-007
21, 1740.00000, -1.65156, 7.65348E-007, 3.59669E-007, -7.66196E-007
21, 1800.00000, -1.65156, 7.66271E-007, 3.59669E-007, -7.66196E-007
21, 1860.00000, -1.65154, 2.27863E-005, -6.03147E-008, -8.82289E-007
21, 1920.00000, -1.65156, 1.01659E-006, -6.23753E-008, -8.82976E-007
21, 1980.00000, -1.65156, 8.90178E-007, -6.23783E-008, -8.82991E-007
21, 2040.00000, -1.65156, 8.83117E-007, -6.23784E-008, -8.82991E-007
21, 2100.00000, -1.65156, 8.82964E-007, -6.23784E-008, -8.82991E-007
21, 2160.00000, -1.65156, 3.92212E-006, -3.17926E-007, 8.59759E-007
21, 2220.00000, -1.65156, -6.01901E-007, -3.18298E-007, 8.59582E-007
21, 2280.00000, -1.65156, -8.70502E-007, -3.18293E-007, 8.59565E-007
21, 2340.00000, -1.65156, -8.60434E-007, -3.18292E-007, 8.59565E-007
21, 2400.00000, -1.65156, -8.59524E-007, -3.18292E-007, 8.59565E-007
21, 2460.00000, -1.65156, 1.42837E-006, 7.28901E-007, -5.59965E-007
21, 2520.00000, -1.65156, 4.26589E-007, 7.28823E-007, -5.59885E-007
21, 2580.00000, -1.65156, 5.49833E-007, 7.28831E-007, -5.59882E-007
21, 2640.00000, -1.65156, 5.60489E-007, 7.28831E-007, -5.59882E-007
21, 2700.00000, -1.65156, 5.59918E-007, 7.28831E-007, -5.59882E-007
21, 2760.00000, -1.65156, 6.25198E-007, 7.39087E-007, 4.2257E-007
21, 2820.00000, -1.65156, -5.16709E-007, 7.39117E-007, 4.22496E-007
21, 2880.00000, -1.65156, -4.25606E-007, 7.39122E-007, 4.22499E-007
21, 2940.00000, -1.65156, -4.22132E-007, 7.39121E-007, 4.22499E-007
21, 3000.00000, -1.65156, -4.22489E-007, 7.39121E-007, 4.22499E-007
21, 3060.00000, -1.65156, 4.99355E-006, -3.19945E-007, -2.06095E-006
21, 3120.00000, -1.65156, 2.18202E-006, -3.20149E-007, -2.06104E-006
21, 3180.00000, -1.65156, 2.05335E-006, -3.20145E-007, -2.06105E-006
21, 3240.00000, -1.65156, 2.06064E-006, -3.20145E-007, -2.06105E-006
21, 3300.00000, -1.65156, 2.06108E-006, -3.20145E-007, -2.06105E-006
21, 3360.00000, -1.65156, 9.23638E-007, -6.36211E-007, -1.65841E-006
21, 3420.00000, -1.65156, 1.6078E-006, -6.36182E-007, -1.65836E-006
21, 3480.00000, -1.65156, 1.65389E-006, -6.36178E-007, -1.65836E-006
21, 3540.00000, -1.65156, 1.65861E-006, -6.36178E-007, -1.65836E-006
22, 0.00000, -1.65156, 1.65838E-006, -6.36178E-007, -1.65836E-006
22, 60.00000, -1.20271, 2.89758E-006, -8.55241E-007, 2.96994E-008
22, 120.00000, -1.20271, -8.68244E-008, -8.55229E-007, 2.94615E-008
22, 180.00000, -1.20271, -3.78477E-008, -8.55219E-007, 2.94608E-008
22, 240.00000, -1.20271, -2.92299E-008, -8.55219E-007, 2.94613E-008
22, 300.00000, -1.20271, -2.94329E-008, -8.55219E-007, 2.94613E-008
22, 360.00000, -1.20271, -1.10479E-006, 1.15205E-007, -2.3546E-007
22, 420.00000, -1.20271, 1.30975E-007, 1.15293E-007, -2.35408E-007
22, 480.00000, -1.20271, 2.42629E-007, 1.1529E-007, -2.35399E-007
22, 540.00000, -1.20271, 2.3574E-007, 1.15289E-007, -2.35399E-007
22, 600.00000, -1.20271, 2.3537E-007, 1.15289E-007, -2.35399E-007
22, 660.00000, -1.20271, 4.94645E-006, -7.72609E-007, -1.52252E-006
22, 720.00000, -1.20271, 1.73236E-006, -7.7291E-007, -1.52262E-006
22, 780.00000, -1.20271, 1.51041E-006, -7.72904E-007, -1.52264E-006
22, 840.00000, -1.20271, 1.52196E-006, -7.72903E-007, -1.52264E-006
22, 900.00000, -1.20271, 1.52269E-006, -7.72903E-007, -1.52264E-006
22, 960.00000, -1.20272, -3.47089E-006, 1.17657E-007, -1.65275E-007
22, 1020.00000, -1.20271, -2.26004E-008, 1.1799E-007, -1.65173E-007
22, 1080.00000, -1.20271, 1.77077E-007, 1.17984E-007, -1.65158E-007
22, 1140.00000, -1.20271, 1.65751E-007, 1.17983E-007, -1.65158E-007
22, 1200.00000, -1.20271, 1.65112E-007, 1.17983E-007, -1.65158E-007
22, 1260.00000, -1.20271, -2.80811E-006, -3.55858E-007, -9.65699E-008
22, 1320.00000, -1.20271, 8.8687E-008, -3.56073E-007, -9.61601E-008
22, 1380.00000, -1.20271, 8.41584E-008, -3.56067E-007, -9.61647E-008
22, 1440.00000, -1.20271, 9.6446E-008, -3.56067E-007, -9.6164E-008
22, 1500.00000, -1.20271, 9.62109E-008, -3.56067E-007, -9.6164E-008
22, 1560.00000, -1.20271, -3.05344E-007, -1.09823E-006, -8.16246E-007
22, 1620.00000, -1.20271, 7.9911E-007, -1.09829E-006, -8.16159E-007
22, 1680.00000, -1.20271, 8.1869E-007, -1.09829E-006, -8.16158E-007
22, 1740.00000, -1.20271, 8.16286E-007, -1.09829E-006, -8.16158E-007
22, 1800.00000, -1.20271, 8.16148E-007, -1.09829E-006, -8.16158E-007
22, 1860.00000, -1.20271, -1.12399E-006, 1.10678E-006, 6.15755E-007
22, 1920.00000, -1.20271, -4.36437E-007, 1.10658E-006, 6.15909E-007
22, 1980.00000, -1.20271, -6.18043E-007, 1.10658E-006, 6.15899E-007
22, 2040.00000, -1.20271, -6.16534E-007, 1.10658E-006, 6.15899E-007
22, 2100.00000, -1.20271, -6.15887E-007, 1.10658E-006, 6.15899E-007
22, 2160.00000, -1.20271, 2.916E-006, -1.42814E-006, -1.34678E-007
22, 2220.00000, -1.20271, 4.51999E-008, -1.428E-006, -1.34949E-007
22, 2280.00000, -1.20271, 1.26099E-007, -1.42799E-006, -1.34948E-007
22, 2340.00000, -1.20271, 1.35264E-007, -1.42799E-006, -1.34947E-007
22, 2400.00000, -1.20271, 1.34978E-007, -1.42799E-006, -1.34947E-007
22, 2460.00000, -1.20271, -3.96866E-006, 9.13585E-007, -2.1245E-007
22, 2520.00000, -1.20271, 2.42714E-007, 9.1366E-007, -2.12191E-007
22, 2580.00000, -1.20271, 2.23678E-007, 9.13648E-007, -2.12188E-007
22, 2640.00000, -1.20271, 2.1202E-007, 9.13648E-007, -2.12188E-007
22, 2700.00000, -1.20271, 2.12148E-007, 9.13648E-007, -2.12188E-007
22, 2760.00000, -1.20271, 4.87335E-006, -4.67003E-007, -3.73325E-007
22, 2820.00000, -1.20271, 3.11979E-007, -4.67041E-007, -3.73644E-007
22, 2880.00000, -1.20271, 3.64854E-007, -4.67031E-007, -3.73645E-007
22, 2940.00000, -1.20271, 3.73901E-007, -4.67031E-007, -3.73644E-007
22, 3000.00000, -1.20271, 3.73674E-007, -4.67031E-007, -3.73644E-007
22, 3060.00000, -1.20271, 5.78806E-007, 2.38198E-007, -9.8657E-007
22, 3120.00000, -1.20271, 1.11023E-006, 2.38082E-007, -9.86485E-007
22, 3180.00000, -1.20271, 9.86375E-007, 2.38079E-007, -9.86492E-007
22, 3240.00000, -1.20271, 9.86044E-007, 2.38079E-007, -9.86492E-007
22, 3300.00000, -1.20271, 9.86495E-007, 2.38079E-007, -9.86492E-007
22, 3360.00000, -1.20271, -2.23863E-007, 5.1928E-009, -7.47064E-007
22, 3420.00000, -1.20271, 6.25067E-007, 5.26561E-009, -7.47028E-007
22, 3480.00000, -1.20271, 7.51646E-007, 5.26481E-009, -7.47019E-007
22, 3540.00000, -1.20271, 7.47462E-007, 5.26429E-009, -7.47019E-007
23, 0.00000, -1.20271, 7.46999E-007, 5.26429E-009, -7.47019E-007
23, 60.00000, -0.262461, 5.28922E-007, 6.45634E-008, 9.34905E-009
23, 120.00000, -0.262461, -2.97482E-008, 6.45672E-008, 9.27612E-009
23, 180.00000, -0.262461, -1.00755E-008, 6.45692E-008, 9.27729E-009
23, 240.00000, -0.262461, -9.19174E-009, 6.45692E-008, 9.27739E-009
23, 300.00000, -0.262461, -9.27557E-009, 6.45692E-008, 9.27739E-009
23, 360.00000, -0.262461, 1.86731E-006, -2.10312E-007, 1.113E-007
23, 420.00000, -0.262461, -9.61829E-008, -2.10414E-007, 1.11168E-007
23, 480.00000, -0.262461, -1.13528E-007, -2.10411E-007, 1.11165E-007
23, 540.00000, -0.262461, -1.11181E-007, -2.10411E-007, 1.11165E-007
23, 600.00000, -0.262461, -1.11157E-007, -2.10411E-007, 1.11165E-007
23, 660.00000, -0.262458, 8.79466E-008, -3.36751E-008, 9.82921E-008
23, 720.00000, -0.262461, -1.00804E-007, -3.38985E-008, 9.83749E-008
23, 780.00000, -0.262461, -9.70141E-008, -3.39001E-008, 9.83758E-008
23, 840.00000, -0.262461, -9.82684E-008, -3.39003E-008, 9.83757E-008
23, 900.00000, -0.262461, -9.83814E-008, -3.39003E-008, 9.83757E-008
23, 960.00000, -0.262461, 1.4914E-007, 1.63056E-007, 1.50284E-007
23, 1020.00000, -0.262461, -1.29167E-007, 1.63014E-007, 1.50269E-007
23, 1080.00000, -0.262461, -1.51079E-007, 1.63014E-007, 1.50267E-007
23, 1140.00000, -0.262461, -1.50332E-007, 1.63014E-007, 1.50267E-007
23, 1200.00000, -0.262461, -1.50264E-007, 1.63014E-007, 1.50267E-007
23, 1260.00000, -0.262461, 1.6779E-007, 1.09364E-007, -4.21969E-008
23, 1320.00000, -0.262461, 2.34615E-008, 1.09374E-007, -4.22029E-008
23, 1380.00000, -0.262461, 4.37024E-008, 1.09373E-007, -4.22009E-008
23, 1440.00000, -0.262461, 4.22598E-008, 1.09372E-007, -4.2201E-008
23, 1500.00000, -0.262461, 4.21949E-008, 1.09372E-007, -4.2201E-008
23, 1560.00000, -0.262461, -8.87304E-008, -9.74014E-008, -1.59399E-007
23, 1620.00000, -0.262461, 1.70049E-007, -9.73947E-008, -1.59385E-007
23, 1680.00000, -0.262461, 1.5869E-007, -9.73944E-008, -1.59386E-007
23, 1740.00000, -0.262461, 1.59345E-007, -9.73943E-008, -1.59386E-007
23, 1800.00000, -0.262461, 1.59389E-007, -9.73943E-008, -1.59386E-007
23, 1860.00000, -0.262461, 1.84996E-007, -7.0107E-008, -3.1727E-008
23, 1920.00000, -0.262461, 1.84461E-008, -7.00988E-008, -3.17433E-008
23, 1980.00000, -0.262461, 3.14122E-008, -7.00978E-008, -3.17424E-008
23, 2040.00000, -0.262461, 3.17975E-008, -7.00979E-008, -3.17423E-008
23, 2100.00000, -0.262461, 3.17429E-008, -7.00979E-008, -3.17424E-008
23, 2160.00000, -0.26246, 3.72354E-006, -2.90343E-007, -2.0653E-007
23, 2220.00000, -0.262461, 2.12782E-007, -2.90519E-007, -2.06731E-007
23, 2280.00000, -0.262461, 2.07523E-007, -2.90518E-007, -2.06732E-007
23, 2340.00000, -0.262461, 2.06761E-007, -2.90518E-007, -2.06732E-007
23, 2400.00000, -0.262461, 2.06728E-007, -2.90518E-007, -2.06732E-007
23, 2460.00000, -0.262461, -2.58285E-007, -1.28821E-007, 1.95115E-007
23, 2520.00000, -0.262461, -1.84093E-007, -1.2882E-007, 1.95122E-007
23, 2580.00000, -0.262461, -1.94155E-007, -1.28822E-007, 1.95121E-007
23, 2640.00000, -0.262461, -1.95176E-007, -1.28822E-007, 1.95121E-007
23, 2700.00000, -0.262461, -1.95124E-007, -1.28822E-007, 1.95121E-007
23, 2760.00000, -0.262459, 2.56379E-006, 1.74503E-007, -1.60312E-008
23, 2820.00000, -0.262461, 6.39746E-008, 1.74235E-007, -1.61297E-008
23, 2880.00000, -0.262461, 1.79439E-008, 1.74232E-007, -1.61333E-008
23, 2940.00000, -0.262461, 1.60167E-008, 1.74233E-007, -1.61335E-008
23, 3000.00000, -0.262461, 1.61281E-008, 1.74233E-007, -1.61335E-008
23, 3060.00000, -0.262463, -1.46566E-006, 1.43363E-007, 8.68136E-008
23, 3120.00000, -0.262459, -1.52099E-006, 1.4374E-007, 8.69135E-008
23, 3180.00000, -0.26246, -1.01244E-006, 1.43844E-007, 8.69668E-008
23, 3240.00000, -0.262461, -8.69498E-008, 1.43833E-007, 8.69608E-008
23, 3300.00000, -0.262461, -8.69605E-008, 1.43833E-007, 8.69607E-008
23, 3360.00000, 0.0333334, 2.34694E-008, -3.00495E-008, -2.43975E-008
23, 3420.00000, 0.0333324, 2.84454E-008, -3.01237E-008, -2.44617E-008
23, 3480.00000, 0.0333333, 5.74962E-009, -3.01385E-008, -2.44759E-008
23, 3540.00000, 0.0333333, 3.64576E-009, -3.01466E-008, -2.44831E-008
24, 0.00000, 0.0333334, 2.44525E-008, -3.01467E-008, -2.44832E-008
