hour, t(sec), P1 (kW), Q1 (kvar), P2 (kW), Q2 (kvar), P3 (kW), Q3 (kvar), P4 (kW), Q4 (kvar)
0, 60.00000, -0.126352, -0.0415293, -0.162455, -0.0533959, -0.126349, -0.0415287, 5.10522E-009, -7.64955E-009
0, 120.00000, -0.12635, -0.0415292, -0.16245, -0.0533947, -0.12635, -0.0415293, 5.10433E-009, -7.64737E-009
0, 180.00000, -0.12635, -0.0415292, -0.16245, -0.0533947, -0.12635, -0.0415293, 5.10434E-009, -7.64738E-009
0, 240.00000, -0.12635, -0.0415292, -0.16245, -0.0533947, -0.12635, -0.0415293, 5.10434E-009, -7.64738E-009
0, 300.00000, -0.12635, -0.0415292, -0.16245, -0.0533947, -0.12635, -0.0415293, 5.10434E-009, -7.64738E-009
0, 360.00000, -0.16245, -0.0533943, -0.144401, -0.0474624, -0.162449, -0.0533946, 6.87444E-010, -2.9237E-009
0, 420.00000, -0.16245, -0.0533947, -0.1444, -0.047462, -0.16245, -0.0533947, 6.87615E-010, -2.92412E-009
0, 480.00000, -0.16245, -0.0533947, -0.1444, -0.047462, -0.16245, -0.0533947, 6.87615E-010, -2.92412E-009
0, 540.00000, -0.16245, -0.0533947, -0.1444, -0.047462, -0.16245, -0.0533947, 6.87615E-010, -2.92412E-009
0, 600.00000, -0.16245, -0.0533947, -0.1444, -0.047462, -0.16245, -0.0533947, 6.87615E-010, -2.92412E-009
0, 660.00000, -0.180485, -0.0593194, -0.12637, -0.0415376, -0.144396, -0.047464, 3.60314E-009, -2.22743E-008
0, 720.00000, -0.1805, -0.0593274, -0.12635, -0.0415293, -0.1444, -0.0474619, 3.60931E-009, -2.22983E-008
0, 780.00000, -0.1805, -0.0593274, -0.12635, -0.0415293, -0.1444, -0.0474619, 3.6093E-009, -2.22983E-008
0, 840.00000, -0.1805, -0.0593274, -0.12635, -0.0415293, -0.1444, -0.0474619, 3.6093E-009, -2.22983E-008
0, 900.00000, -0.1805, -0.0593274, -0.12635, -0.0415293, -0.1444, -0.0474619, 3.6093E-009, -2.22983E-008
0, 960.00000, -0.16245, -0.0533946, -0.16245, -0.0533948, -0.16245, -0.0533948, -3.26024E-010, -2.33465E-011
0, 1020.00000, -0.16245, -0.0533947, -0.16245, -0.0533947, -0.16245, -0.0533947, -3.26044E-010, -2.33797E-011
0, 1080.00000, -0.16245, -0.0533947, -0.16245, -0.0533947, -0.16245, -0.0533947, -3.26044E-010, -2.338E-011
0, 1140.00000, -0.16245, -0.0533947, -0.16245, -0.0533947, -0.16245, -0.0533947, -3.26044E-010, -2.338E-011
0, 1200.00000, -0.16245, -0.0533947, -0.16245, -0.0533947, -0.16245, -0.0533947, -3.26044E-010, -2.338E-011
0, 1260.00000, -0.108299, -0.0355961, -0.126351, -0.0415298, -0.1083, -0.0355965, 1.04766E-009, -2.20809E-009
0, 1320.00000, -0.1083, -0.0355965, -0.12635, -0.0415292, -0.1083, -0.0355965, 1.04735E-009, -2.20765E-009
0, 1380.00000, -0.1083, -0.0355965, -0.12635, -0.0415292, -0.1083, -0.0355965, 1.04735E-009, -2.20765E-009
0, 1440.00000, -0.1083, -0.0355965, -0.12635, -0.0415292, -0.1083, -0.0355965, 1.04735E-009, -2.20765E-009
0, 1500.00000, -0.1083, -0.0355965, -0.12635, -0.0415292, -0.1083, -0.0355965, 1.04735E-009, -2.20765E-009
0, 1560.00000, -0.162449, -0.0533946, -0.16245, -0.0533947, -0.162451, -0.0533951, -7.29741E-010, -6.12936E-012
0, 1620.00000, -0.16245, -0.0533947, -0.16245, -0.0533947, -0.16245, -0.0533947, -7.29818E-010, -6.26137E-012
0, 1680.00000, -0.16245, -0.0533947, -0.16245, -0.0533947, -0.16245, -0.0533947, -7.29818E-010, -6.2622E-012
0, 1740.00000, -0.16245, -0.0533947, -0.16245, -0.0533947, -0.16245, -0.0533947, -7.29818E-010, -6.2622E-012
0, 1800.00000, -0.16245, -0.0533947, -0.16245, -0.0533947, -0.16245, -0.0533947, -7.29818E-010, -6.2622E-012
0, 1860.00000, -0.144385, -0.0474594, -0.144401, -0.0474627, -0.144407, -0.0474653, -1.23059E-010, -4.54888E-012
0, 1920.00000, -0.1444, -0.047462, -0.1444, -0.047462, -0.1444, -0.047462, -1.23457E-010, -5.32463E-012
0, 1980.00000, -0.1444, -0.047462, -0.1444, -0.047462, -0.1444, -0.047462, -1.23461E-010, -5.33081E-012
0, 2040.00000, -0.1444, -0.047462, -0.1444, -0.047462, -0.1444, -0.047462, -1.23461E-010, -5.3308E-012
0, 2100.00000, -0.1444, -0.047462, -0.1444, -0.047462, -0.1444, -0.047462, -1.23461E-010, -5.3308E-012
0, 2160.00000, -0.126345, -0.0415274, -0.16246, -0.0533969, -0.1444, -0.047463, 3.55749E-009, -6.5215E-009
0, 2220.00000, -0.12635, -0.0415292, -0.16245, -0.0533947, -0.1444, -0.047462, 3.55496E-009, -6.51616E-009
0, 2280.00000, -0.12635, -0.0415292, -0.16245, -0.0533947, -0.1444, -0.047462, 3.55495E-009, -6.51614E-009
0, 2340.00000, -0.12635, -0.0415292, -0.16245, -0.0533947, -0.1444, -0.047462, 3.55495E-009, -6.51614E-009
0, 2400.00000, -0.12635, -0.0415292, -0.16245, -0.0533947, -0.1444, -0.047462, 3.55495E-009, -6.51614E-009
0, 2460.00000, -0.126351, -0.0415296, -0.162449, -0.0533944, -0.126349, -0.041529, 3.78107E-009, -9.27879E-009
0, 2520.00000, -0.12635, -0.0415292, -0.16245, -0.0533947, -0.12635, -0.0415293, 3.78153E-009, -9.27933E-009
0, 2580.00000, -0.12635, -0.0415292, -0.16245, -0.0533947, -0.12635, -0.0415293, 3.78153E-009, -9.27934E-009
0, 2640.00000, -0.12635, -0.0415292, -0.16245, -0.0533947, -0.12635, -0.0415293, 3.78153E-009, -9.27934E-009
0, 2700.00000, -0.12635, -0.0415292, -0.16245, -0.0533947, -0.12635, -0.0415293, 3.78153E-009, -9.27934E-009
0, 2760.00000, -0.1444, -0.0474619, -0.162451, -0.0533949, -0.144399, -0.0474618, 2.70762E-010, -2.3451E-009
0, 2820.00000, -0.1444, -0.047462, -0.16245, -0.0533947, -0.1444, -0.047462, 2.70775E-010, -2.34477E-009
0, 2880.00000, -0.1444, -0.047462, -0.16245, -0.0533947, -0.1444, -0.047462, 2.70777E-010, -2.34477E-009
0, 2940.00000, -0.1444, -0.047462, -0.16245, -0.0533947, -0.1444, -0.047462, 2.70777E-010, -2.34477E-009
0, 3000.00000, -0.1444, -0.047462, -0.16245, -0.0533947, -0.1444, -0.047462, 2.70777E-010, -2.34477E-009
0, 3060.00000, -0.126349, -0.0415291, -0.126349, -0.0415291, -0.162452, -0.0533954, 4.61142E-009, -9.2162E-009
0, 3120.00000, -0.12635, -0.0415293, -0.12635, -0.0415292, -0.16245, -0.0533947, 4.61058E-009, -9.21433E-009
0, 3180.00000, -0.12635, -0.0415293, -0.12635, -0.0415292, -0.16245, -0.0533947, 4.61058E-009, -9.21433E-009
0, 3240.00000, -0.12635, -0.0415293, -0.12635, -0.0415292, -0.16245, -0.0533947, 4.61058E-009, -9.21433E-009
0, 3300.00000, -0.12635, -0.0415293, -0.12635, -0.0415292, -0.16245, -0.0533947, 4.61058E-009, -9.21433E-009
0, 3360.00000, -0.162448, -0.0533941, -0.162451, -0.053395, -0.162451, -0.0533954, -3.55689E-010, 1.6225E-011
0, 3420.00000, -0.16245, -0.0533947, -0.16245, -0.0533947, -0.16245, -0.0533947, -3.55843E-010, 1.59943E-011
0, 3480.00000, -0.16245, -0.0533947, -0.16245, -0.0533947, -0.16245, -0.0533947, -3.55843E-010, 1.59936E-011
0, 3540.00000, -0.16245, -0.0533947, -0.16245, -0.0533947, -0.16245, -0.0533947, -3.55843E-010, 1.59936E-011
1, 0.00000, -0.16245, -0.0533947, -0.16245, -0.0533947, -0.16245, -0.0533947, -3.55843E-010, 1.59936E-011
1, 60.00000, -0.0902497, -0.0296636, -0.108303, -0.0355973, -0.108299, -0.0355962, 1.01077E-009, -2.46047E-009
1, 120.00000, -0.09025, -0.0296638, -0.1083, -0.0355965, -0.1083, -0.0355965, 1.01066E-009, -2.46018E-009
1, 180.00000, -0.09025, -0.0296638, -0.1083, -0.0355965, -0.1083, -0.0355965, 1.01066E-009, -2.46018E-009
1, 240.00000, -0.09025, -0.0296638, -0.1083, -0.0355965, -0.1083, -0.0355965, 1.01066E-009, -2.46018E-009
1, 300.00000, -0.09025, -0.0296638, -0.1083, -0.0355965, -0.1083, -0.0355965, 1.01066E-009, -2.46018E-009
1, 360.00000, -0.0721988, -0.0237307, -0.12635, -0.041529, -0.126352, -0.0415301, 8.92264E-009, -2.25775E-008
1, 420.00000, -0.0721999, -0.023731, -0.12635, -0.0415291, -0.12635, -0.0415293, 8.92176E-009, -2.25759E-008
1, 480.00000, -0.0722, -0.023731, -0.12635, -0.0415291, -0.12635, -0.0415293, 8.92175E-009, -2.25759E-008
1, 540.00000, -0.0722, -0.023731, -0.12635, -0.0415291, -0.12635, -0.0415293, 8.92175E-009, -2.25759E-008
1, 600.00000, -0.0722, -0.023731, -0.12635, -0.0415291, -0.12635, -0.0415293, 8.92175E-009, -2.25759E-008
1, 660.00000, -0.144409, -0.0474648, -0.126352, -0.0415302, -0.126333, -0.0415235, -7.47744E-010, -4.43524E-009
1, 720.00000, -0.1444, -0.047462, -0.12635, -0.0415293, -0.12635, -0.0415292, -7.49391E-010, -4.42977E-009
1, 780.00000, -0.1444, -0.0474619, -0.12635, -0.0415293, -0.12635, -0.0415292, -7.49401E-010, -4.42973E-009
1, 840.00000, -0.1444, -0.0474619, -0.12635, -0.0415293, -0.12635, -0.0415292, -7.49401E-010, -4.42973E-009
1, 900.00000, -0.1444, -0.0474619, -0.12635, -0.0415293, -0.12635, -0.0415292, -7.49401E-010, -4.42973E-009
1, 960.00000, -0.126347, -0.0415281, -0.144402, -0.0474626, -0.108301, -0.0355968, 2.53358E-009, -7.77653E-009
1, 1020.00000, -0.12635, -0.0415292, -0.1444, -0.047462, -0.1083, -0.0355965, 2.53307E-009, -7.77649E-009
1, 1080.00000, -0.12635, -0.0415292, -0.1444, -0.047462, -0.1083, -0.0355965, 2.53306E-009, -7.77648E-009
1, 1140.00000, -0.12635, -0.0415292, -0.1444, -0.047462, -0.1083, -0.0355965, 2.53306E-009, -7.77648E-009
1, 1200.00000, -0.12635, -0.0415292, -0.1444, -0.047462, -0.1083, -0.0355965, 2.53306E-009, -7.77648E-009
1, 1260.00000, -0.144403, -0.047463, -0.1444, -0.0474619, -0.108298, -0.0355959, 3.09699E-009, -1.09055E-008
1, 1320.00000, -0.1444, -0.0474619, -0.1444, -0.047462, -0.1083, -0.0355965, 3.09642E-009, -1.09034E-008
1, 1380.00000, -0.1444, -0.0474619, -0.1444, -0.047462, -0.1083, -0.0355965, 3.09642E-009, -1.09034E-008
1, 1440.00000, -0.1444, -0.0474619, -0.1444, -0.047462, -0.1083, -0.0355965, 3.09642E-009, -1.09034E-008
1, 1500.00000, -0.1444, -0.0474619, -0.1444, -0.047462, -0.1083, -0.0355965, 3.09642E-009, -1.09034E-008
1, 1560.00000, -0.126348, -0.0415288, -0.126352, -0.0415297, -0.16245, -0.0533947, 3.81502E-009, -1.01271E-008
1, 1620.00000, -0.12635, -0.0415293, -0.12635, -0.0415292, -0.16245, -0.0533947, 3.81509E-009, -1.01273E-008
1, 1680.00000, -0.12635, -0.0415293, -0.12635, -0.0415292, -0.16245, -0.0533947, 3.81509E-009, -1.01273E-008
1, 1740.00000, -0.12635, -0.0415293, -0.12635, -0.0415292, -0.16245, -0.0533947, 3.81509E-009, -1.01273E-008
1, 1800.00000, -0.12635, -0.0415293, -0.12635, -0.0415292, -0.16245, -0.0533947, 3.81509E-009, -1.01273E-008
1, 1860.00000, -0.144398, -0.0474614, -0.1083, -0.0355965, -0.126352, -0.0415298, 2.68874E-009, -8.2821E-009
1, 1920.00000, -0.1444, -0.047462, -0.1083, -0.0355965, -0.12635, -0.0415292, 2.68911E-009, -8.28278E-009
1, 1980.00000, -0.1444, -0.047462, -0.1083, -0.0355965, -0.12635, -0.0415292, 2.68911E-009, -8.28279E-009
1, 2040.00000, -0.1444, -0.047462, -0.1083, -0.0355965, -0.12635, -0.0415292, 2.68911E-009, -8.28279E-009
1, 2100.00000, -0.1444, -0.047462, -0.1083, -0.0355965, -0.12635, -0.0415292, 2.68911E-009, -8.28279E-009
1, 2160.00000, -0.126351, -0.0415296, -0.1083, -0.0355966, -0.072199, -0.0237307, 5.03141E-009, -2.03471E-008
1, 2220.00000, -0.12635, -0.0415291, -0.1083, -0.0355965, -0.0721999, -0.023731, 5.03084E-009, -2.03457E-008
1, 2280.00000, -0.12635, -0.0415291, -0.1083, -0.0355965, -0.0721999, -0.023731, 5.03084E-009, -2.03457E-008
1, 2340.00000, -0.12635, -0.0415291, -0.1083, -0.0355965, -0.0721999, -0.023731, 5.03084E-009, -2.03457E-008
1, 2400.00000, -0.12635, -0.0415291, -0.1083, -0.0355965, -0.0721999, -0.023731, 5.03084E-009, -2.03457E-008
1, 2460.00000, -0.126366, -0.041534, -0.108306, -0.035599, -0.108288, -0.0355924, 5.23055E-010, -3.27325E-009
1, 2520.00000, -0.12635, -0.0415292, -0.1083, -0.0355965, -0.1083, -0.0355965, 5.21086E-010, -3.26782E-009
1, 2580.00000, -0.12635, -0.0415292, -0.1083, -0.0355965, -0.1083, -0.0355965, 5.21071E-010, -3.26778E-009
1, 2640.00000, -0.12635, -0.0415292, -0.1083, -0.0355965, -0.1083, -0.0355965, 5.21071E-010, -3.26778E-009
1, 2700.00000, -0.12635, -0.0415292, -0.1083, -0.0355965, -0.1083, -0.0355965, 5.21071E-010, -3.26778E-009
1, 2760.00000, -0.108292, -0.0355942, -0.108285, -0.0355915, -0.144403, -0.0474628, 3.79227E-009, -1.02717E-008
1, 2820.00000, -0.1083, -0.0355965, -0.1083, -0.0355965, -0.1444, -0.047462, 3.78868E-009, -1.02645E-008
1, 2880.00000, -0.1083, -0.0355965, -0.1083, -0.0355965, -0.1444, -0.0474619, 3.78866E-009, -1.02644E-008
1, 2940.00000, -0.1083, -0.0355965, -0.1083, -0.0355965, -0.1444, -0.0474619, 3.78866E-009, -1.02644E-008
1, 3000.00000, -0.1083, -0.0355965, -0.1083, -0.0355965, -0.1444, -0.0474619, 3.78866E-009, -1.02644E-008
1, 3060.00000, -0.0902429, -0.0296614, -0.108306, -0.0355983, -0.0902594, -0.029667, 9.74061E-010, -2.15416E-009
1, 3120.00000, -0.0902499, -0.0296637, -0.1083, -0.0355965, -0.09025, -0.0296638, 9.72677E-010, -2.15427E-009
1, 3180.00000, -0.09025, -0.0296637, -0.1083, -0.0355965, -0.09025, -0.0296638, 9.72666E-010, -2.15427E-009
1, 3240.00000, -0.09025, -0.0296637, -0.1083, -0.0355965, -0.09025, -0.0296638, 9.72666E-010, -2.15427E-009
1, 3300.00000, -0.09025, -0.0296637, -0.1083, -0.0355965, -0.09025, -0.0296638, 9.72666E-010, -2.15427E-009
1, 3360.00000, -0.126353, -0.0415302, -0.108297, -0.0355956, -0.1083, -0.0355965, 4.4851E-010, -3.13745E-009
1, 3420.00000, -0.12635, -0.0415292, -0.1083, -0.0355965, -0.1083, -0.0355965, 4.48144E-010, -3.13607E-009
1, 3480.00000, -0.12635, -0.0415292, -0.1083, -0.0355965, -0.1083, -0.0355965, 4.48144E-010, -3.13607E-009
1, 3540.00000, -0.12635, -0.0415292, -0.1083, -0.0355965, -0.1083, -0.0355965, 4.48144E-010, -3.13607E-009
2, 0.00000, -0.12635, -0.0415292, -0.1083, -0.0355965, -0.1083, -0.0355965, 4.48144E-010, -3.13607E-009
2, 60.00000, -0.0902492, -0.0296635, -0.126353, -0.0415302, -0.1083, -0.0355967, 3.35164E-009, -6.82424E-009
2, 120.00000, -0.09025, -0.0296637, -0.12635, -0.0415292, -0.1083, -0.0355965, 3.35086E-009, -6.82279E-009
2, 180.00000, -0.09025, -0.0296637, -0.12635, -0.0415292, -0.1083, -0.0355965, 3.35086E-009, -6.82278E-009
2, 240.00000, -0.09025, -0.0296637, -0.12635, -0.0415292, -0.1083, -0.0355965, 3.35086E-009, -6.82278E-009
2, 300.00000, -0.09025, -0.0296637, -0.12635, -0.0415292, -0.1083, -0.0355965, 3.35086E-009, -6.82278E-009
2, 360.00000, -0.108299, -0.035596, -0.108303, -0.0355973, -0.108298, -0.0355961, -1.25814E-010, -1.18624E-011
2, 420.00000, -0.1083, -0.0355965, -0.1083, -0.0355965, -0.1083, -0.0355965, -1.25841E-010, -1.19097E-011
2, 480.00000, -0.1083, -0.0355965, -0.1083, -0.0355965, -0.1083, -0.0355965, -1.25841E-010, -1.19088E-011
2, 540.00000, -0.1083, -0.0355965, -0.1083, -0.0355965, -0.1083, -0.0355965, -1.25841E-010, -1.19088E-011
2, 600.00000, -0.1083, -0.0355965, -0.1083, -0.0355965, -0.1083, -0.0355965, -1.25841E-010, -1.19088E-011
2, 660.00000, -0.0902604, -0.0296667, -0.0902636, -0.0296687, -0.126331, -0.0415229, 4.70272E-009, -8.85439E-009
2, 720.00000, -0.0902502, -0.0296638, -0.09025, -0.0296637, -0.12635, -0.0415291, 4.71093E-009, -8.86949E-009
2, 780.00000, -0.09025, -0.0296638, -0.09025, -0.0296637, -0.12635, -0.0415292, 4.71101E-009, -8.86966E-009
2, 840.00000, -0.09025, -0.0296638, -0.09025, -0.0296637, -0.12635, -0.0415292, 4.71101E-009, -8.86966E-009
2, 900.00000, -0.09025, -0.0296638, -0.09025, -0.0296637, -0.12635, -0.0415292, 4.71101E-009, -8.86966E-009
2, 960.00000, -0.108299, -0.0355965, -0.0902465, -0.0296625, -0.108304, -0.0355977, -1.87561E-010, -3.87243E-009
2, 1020.00000, -0.1083, -0.0355965, -0.09025, -0.0296638, -0.1083, -0.0355965, -1.88028E-010, -3.87079E-009
2, 1080.00000, -0.1083, -0.0355965, -0.09025, -0.0296638, -0.1083, -0.0355965, -1.8803E-010, -3.87079E-009
2, 1140.00000, -0.1083, -0.0355965, -0.09025, -0.0296638, -0.1083, -0.0355965, -1.8803E-010, -3.87079E-009
2, 1200.00000, -0.1083, -0.0355965, -0.09025, -0.0296638, -0.1083, -0.0355965, -1.8803E-010, -3.87079E-009
2, 1260.00000, -0.0902626, -0.0296678, -0.108303, -0.0355978, -0.108294, -0.0355944, 1.37643E-009, -1.74543E-009
2, 1320.00000, -0.0902501, -0.0296638, -0.1083, -0.0355964, -0.1083, -0.0355965, 1.37866E-009, -1.74801E-009
2, 1380.00000, -0.09025, -0.0296637, -0.1083, -0.0355965, -0.1083, -0.0355965, 1.37868E-009, -1.74805E-009
2, 1440.00000, -0.09025, -0.0296637, -0.1083, -0.0355965, -0.1083, -0.0355965, 1.37869E-009, -1.74805E-009
2, 1500.00000, -0.09025, -0.0296637, -0.1083, -0.0355965, -0.1083, -0.0355965, 1.37869E-009, -1.74805E-009
2, 1560.00000, -0.108298, -0.0355959, -0.108303, -0.0355975, -0.126349, -0.041529, 1.3286E-009, -1.8507E-009
2, 1620.00000, -0.1083, -0.0355965, -0.1083, -0.0355965, -0.12635, -0.0415292, 1.3288E-009, -1.85117E-009
2, 1680.00000, -0.1083, -0.0355965, -0.1083, -0.0355965, -0.12635, -0.0415292, 1.32881E-009, -1.85118E-009
2, 1740.00000, -0.1083, -0.0355965, -0.1083, -0.0355965, -0.12635, -0.0415292, 1.32881E-009, -1.85118E-009
2, 1800.00000, -0.1083, -0.0355965, -0.1083, -0.0355965, -0.12635, -0.0415292, 1.32881E-009, -1.85118E-009
2, 1860.00000, -0.108299, -0.0355962, -0.126334, -0.041524, -0.0721973, -0.02373, 6.67198E-009, -1.75105E-008
2, 1920.00000, -0.1083, -0.0355964, -0.12635, -0.0415292, -0.0722, -0.023731, 6.6756E-009, -1.7516E-008
2, 1980.00000, -0.1083, -0.0355964, -0.12635, -0.0415293, -0.0722, -0.023731, 6.67565E-009, -1.75161E-008
2, 2040.00000, -0.1083, -0.0355964, -0.12635, -0.0415293, -0.0722, -0.023731, 6.67565E-009, -1.75161E-008
2, 2100.00000, -0.1083, -0.0355964, -0.12635, -0.0415293, -0.0722, -0.023731, 6.67565E-009, -1.75161E-008
2, 2160.00000, -0.108294, -0.0355944, -0.126359, -0.0415321, -0.108304, -0.0355982, 8.62545E-010, -2.5497E-009
2, 2220.00000, -0.1083, -0.0355965, -0.12635, -0.0415293, -0.1083, -0.0355965, 8.61074E-010, -2.54775E-009
2, 2280.00000, -0.1083, -0.0355965, -0.12635, -0.0415292, -0.1083, -0.0355965, 8.61055E-010, -2.54771E-009
2, 2340.00000, -0.1083, -0.0355965, -0.12635, -0.0415292, -0.1083, -0.0355965, 8.61055E-010, -2.54771E-009
2, 2400.00000, -0.1083, -0.0355965, -0.12635, -0.0415292, -0.1083, -0.0355965, 8.61055E-010, -2.54771E-009
2, 2460.00000, -0.0902483, -0.0296632, -0.108302, -0.035597, -0.108301, -0.0355967, 8.94071E-010, -2.44264E-009
2, 2520.00000, -0.09025, -0.0296637, -0.1083, -0.0355965, -0.1083, -0.0355965, 8.93732E-010, -2.44191E-009
2, 2580.00000, -0.09025, -0.0296638, -0.1083, -0.0355965, -0.1083, -0.0355965, 8.9373E-010, -2.44191E-009
2, 2640.00000, -0.09025, -0.0296638, -0.1083, -0.0355965, -0.1083, -0.0355965, 8.9373E-010, -2.44191E-009
2, 2700.00000, -0.09025, -0.0296638, -0.1083, -0.0355965, -0.1083, -0.0355965, 8.9373E-010, -2.44191E-009
2, 2760.00000, -0.126352, -0.04153, -0.0721986, -0.0237306, -0.108301, -0.0355966, 5.38725E-009, -1.98128E-008
2, 2820.00000, -0.12635, -0.0415292, -0.0722, -0.023731, -0.1083, -0.0355964, 5.38636E-009, -1.98108E-008
2, 2880.00000, -0.12635, -0.0415292, -0.0722, -0.023731, -0.1083, -0.0355964, 5.38635E-009, -1.98108E-008
2, 2940.00000, -0.12635, -0.0415292, -0.0722, -0.023731, -0.1083, -0.0355964, 5.38635E-009, -1.98108E-008
2, 3000.00000, -0.12635, -0.0415292, -0.0722, -0.023731, -0.1083, -0.0355964, 5.38635E-009, -1.98108E-008
2, 3060.00000, -0.0902539, -0.029665, -0.0902498, -0.0296638, -0.0902456, -0.0296622, -3.2199E-011, -1.93963E-012
2, 3120.00000, -0.0902501, -0.0296638, -0.09025, -0.0296637, -0.09025, -0.0296637, -3.21022E-011, -1.75234E-012
2, 3180.00000, -0.09025, -0.0296637, -0.09025, -0.0296637, -0.09025, -0.0296637, -3.21012E-011, -1.75024E-012
2, 3240.00000, -0.09025, -0.0296637, -0.09025, -0.0296637, -0.09025, -0.0296637, -3.21012E-011, -1.75023E-012
2, 3300.00000, -0.09025, -0.0296637, -0.09025, -0.0296637, -0.09025, -0.0296637, -3.21012E-011, -1.75023E-012
2, 3360.00000, -0.108294, -0.0355947, -0.1444, -0.0474615, -0.126357, -0.0415317, 3.14407E-009, -7.09415E-009
2, 3420.00000, -0.1083, -0.0355965, -0.1444, -0.0474619, -0.12635, -0.0415293, 3.14281E-009, -7.09302E-009
2, 3480.00000, -0.1083, -0.0355965, -0.1444, -0.0474619, -0.12635, -0.0415293, 3.14278E-009, -7.09297E-009
2, 3540.00000, -0.1083, -0.0355965, -0.1444, -0.0474619, -0.12635, -0.0415293, 3.14278E-009, -7.09297E-009
3, 0.00000, -0.1083, -0.0355965, -0.1444, -0.0474619, -0.12635, -0.0415293, 3.14278E-009, -7.09297E-009
3, 60.00000, -0.108304, -0.0355979, -0.108298, -0.035596, -0.108297, -0.0355953, -1.04958E-010, -3.11608E-012
3, 120.00000, -0.1083, -0.0355965, -0.1083, -0.0355965, -0.1083, -0.0355965, -1.04786E-010, -2.79291E-012
3, 180.00000, -0.1083, -0.0355965, -0.1083, -0.0355965, -0.1083, -0.0355965, -1.04784E-010, -2.78936E-012
3, 240.00000, -0.1083, -0.0355965, -0.1083, -0.0355965, -0.1083, -0.0355965, -1.04784E-010, -2.78933E-012
3, 300.00000, -0.1083, -0.0355965, -0.1083, -0.0355965, -0.1083, -0.0355965, -1.04784E-010, -2.78933E-012
3, 360.00000, -0.0902463, -0.0296625, -0.126354, -0.0415302, -0.108302, -0.0355972, 3.27565E-009, -6.75257E-009
3, 420.00000, -0.0902499, -0.0296637, -0.12635, -0.0415292, -0.1083, -0.0355965, 3.27412E-009, -6.75024E-009
3, 480.00000, -0.09025, -0.0296637, -0.12635, -0.0415292, -0.1083, -0.0355965, 3.2741E-009, -6.75021E-009
3, 540.00000, -0.09025, -0.0296637, -0.12635, -0.0415292, -0.1083, -0.0355965, 3.2741E-009, -6.75021E-009
3, 600.00000, -0.09025, -0.0296637, -0.12635, -0.0415292, -0.1083, -0.0355965, 3.2741E-009, -6.75021E-009
3, 660.00000, -0.108313, -0.0356003, -0.0902599, -0.0296674, -0.126336, -0.0415246, 3.07652E-009, -7.33854E-009
3, 720.00000, -0.1083, -0.0355966, -0.0902499, -0.0296637, -0.12635, -0.0415291, 3.08103E-009, -7.34737E-009
3, 780.00000, -0.1083, -0.0355965, -0.09025, -0.0296637, -0.12635, -0.0415292, 3.08106E-009, -7.34742E-009
3, 840.00000, -0.1083, -0.0355965, -0.09025, -0.0296637, -0.12635, -0.0415292, 3.08106E-009, -7.34742E-009
3, 900.00000, -0.1083, -0.0355965, -0.09025, -0.0296637, -0.12635, -0.0415292, 3.08106E-009, -7.34742E-009
3, 960.00000, -0.0902511, -0.0296642, -0.108298, -0.0355957, -0.144401, -0.0474623, 6.5078E-009, -1.80603E-008
3, 1020.00000, -0.09025, -0.0296638, -0.1083, -0.0355964, -0.1444, -0.047462, 6.50748E-009, -1.80598E-008
3, 1080.00000, -0.09025, -0.0296638, -0.1083, -0.0355964, -0.1444, -0.047462, 6.50747E-009, -1.80598E-008
3, 1140.00000, -0.09025, -0.0296638, -0.1083, -0.0355964, -0.1444, -0.047462, 6.50747E-009, -1.80598E-008
3, 1200.00000, -0.09025, -0.0296638, -0.1083, -0.0355964, -0.1444, -0.047462, 6.50747E-009, -1.80598E-008
3, 1260.00000, -0.126345, -0.0415277, -0.108302, -0.0355971, -0.0902513, -0.0296643, 2.67652E-009, -8.02431E-009
3, 1320.00000, -0.12635, -0.0415292, -0.1083, -0.0355965, -0.0902499, -0.0296637, 2.67747E-009, -8.02692E-009
3, 1380.00000, -0.12635, -0.0415292, -0.1083, -0.0355965, -0.09025, -0.0296637, 2.67748E-009, -8.02694E-009
3, 1440.00000, -0.12635, -0.0415292, -0.1083, -0.0355965, -0.09025, -0.0296637, 2.67748E-009, -8.02694E-009
3, 1500.00000, -0.12635, -0.0415292, -0.1083, -0.0355965, -0.09025, -0.0296637, 2.67748E-009, -8.02694E-009
3, 1560.00000, -0.072203, -0.0237319, -0.108299, -0.0355967, -0.12633, -0.0415224, 8.05195E-009, -1.5651E-008
3, 1620.00000, -0.0722001, -0.0237311, -0.1083, -0.0355964, -0.12635, -0.0415292, 8.05848E-009, -1.56619E-008
3, 1680.00000, -0.0722, -0.023731, -0.1083, -0.0355964, -0.12635, -0.0415293, 8.05854E-009, -1.5662E-008
3, 1740.00000, -0.0722, -0.023731, -0.1083, -0.0355964, -0.12635, -0.0415293, 8.05855E-009, -1.5662E-008
3, 1800.00000, -0.0722, -0.023731, -0.1083, -0.0355964, -0.12635, -0.0415293, 8.05855E-009, -1.5662E-008
3, 1860.00000, -0.0902527, -0.0296647, -0.108298, -0.0355958, -0.0902495, -0.0296635, 1.33517E-009, -1.88553E-009
3, 1920.00000, -0.09025, -0.0296637, -0.1083, -0.0355965, -0.09025, -0.0296638, 1.33571E-009, -1.88611E-009
3, 1980.00000, -0.09025, -0.0296637, -0.1083, -0.0355965, -0.09025, -0.0296638, 1.33571E-009, -1.88612E-009
3, 2040.00000, -0.09025, -0.0296637, -0.1083, -0.0355965, -0.09025, -0.0296638, 1.33571E-009, -1.88612E-009
3, 2100.00000, -0.09025, -0.0296637, -0.1083, -0.0355965, -0.09025, -0.0296638, 1.33571E-009, -1.88612E-009
3, 2160.00000, -0.0902509, -0.029664, -0.0722009, -0.0237314, -0.108297, -0.0355955, 2.79827E-009, -7.85095E-009
3, 2220.00000, -0.09025, -0.0296638, -0.0722, -0.023731, -0.1083, -0.0355964, 2.79896E-009, -7.85255E-009
3, 2280.00000, -0.09025, -0.0296638, -0.0722, -0.023731, -0.1083, -0.0355964, 2.79896E-009, -7.85256E-009
3, 2340.00000, -0.09025, -0.0296638, -0.0722, -0.023731, -0.1083, -0.0355964, 2.79896E-009, -7.85256E-009
3, 2400.00000, -0.09025, -0.0296638, -0.0722, -0.023731, -0.1083, -0.0355964, 2.79896E-009, -7.85256E-009
3, 2460.00000, -0.108297, -0.0355957, -0.108297, -0.0355953, -0.108306, -0.0355984, -9.35277E-011, 3.37821E-013
3, 2520.00000, -0.1083, -0.0355965, -0.1083, -0.0355965, -0.1083, -0.0355965, -9.34681E-011, 3.81125E-013
3, 2580.00000, -0.1083, -0.0355965, -0.1083, -0.0355965, -0.1083, -0.0355965, -9.34689E-011, 3.7899E-013
3, 2640.00000, -0.1083, -0.0355965, -0.1083, -0.0355965, -0.1083, -0.0355965, -9.3469E-011, 3.78945E-013
3, 2700.00000, -0.1083, -0.0355965, -0.1083, -0.0355965, -0.1083, -0.0355965, -9.3469E-011, 3.78944E-013
3, 2760.00000, -0.0902463, -0.0296624, -0.126356, -0.0415309, -0.0902501, -0.0296639, 4.7639E-009, -8.41024E-009
3, 2820.00000, -0.0902499, -0.0296637, -0.12635, -0.0415292, -0.09025, -0.0296638, 4.76171E-009, -8.40723E-009
3, 2880.00000, -0.09025, -0.0296637, -0.12635, -0.0415292, -0.09025, -0.0296638, 4.76168E-009, -8.40719E-009
3, 2940.00000, -0.09025, -0.0296637, -0.12635, -0.0415292, -0.09025, -0.0296638, 4.76168E-009, -8.40719E-009
3, 3000.00000, -0.09025, -0.0296637, -0.12635, -0.0415292, -0.09025, -0.0296638, 4.76168E-009, -8.40719E-009
3, 3060.00000, -0.090253, -0.0296646, -0.0902517, -0.0296644, -0.108295, -0.0355947, 1.17414E-009, -2.15431E-009
3, 3120.00000, -0.0902501, -0.0296638, -0.09025, -0.0296637, -0.1083, -0.0355965, 1.17512E-009, -2.15609E-009
3, 3180.00000, -0.09025, -0.0296638, -0.09025, -0.0296637, -0.1083, -0.0355965, 1.17513E-009, -2.15611E-009
3, 3240.00000, -0.09025, -0.0296638, -0.09025, -0.0296637, -0.1083, -0.0355965, 1.17513E-009, -2.15611E-009
3, 3300.00000, -0.09025, -0.0296638, -0.09025, -0.0296637, -0.1083, -0.0355965, 1.17513E-009, -2.15611E-009
3, 3360.00000, -0.0902468, -0.0296627, -0.1083, -0.0355965, -0.0902525, -0.0296647, 4.75819E-010, -3.02055E-009
3, 3420.00000, -0.0902499, -0.0296637, -0.1083, -0.0355965, -0.09025, -0.0296638, 4.75559E-010, -3.02068E-009
3, 3480.00000, -0.09025, -0.0296637, -0.1083, -0.0355965, -0.09025, -0.0296638, 4.75553E-010, -3.02067E-009
3, 3540.00000, -0.0902473, -0.0296628, -0.108298, -0.0355957, -0.0902483, -0.0296632, 4.75426E-010, -3.02242E-009
4, 0.00000, -0.09025, -0.0296637, -0.1083, -0.0355965, -0.09025, -0.0296638, 4.75372E-010, -3.02251E-009
4, 60.00000, -0.0902574, -0.0296663, -0.108294, -0.0355947, -0.144395, -0.0474598, 7.6329E-009, -1.65567E-008
4, 120.00000, -0.0902501, -0.0296638, -0.1083, -0.0355964, -0.1444, -0.047462, 7.63601E-009, -1.65633E-008
4, 180.00000, -0.09025, -0.0296638, -0.1083, -0.0355964, -0.1444, -0.047462, 7.63601E-009, -1.65633E-008
4, 240.00000, -0.09025, -0.0296638, -0.1083, -0.0355964, -0.1444, -0.047462, 7.63601E-009, -1.65633E-008
4, 300.00000, -0.09025, -0.0296638, -0.1083, -0.0355964, -0.1444, -0.047462, 7.63601E-009, -1.65633E-008
4, 360.00000, -0.108296, -0.0355953, -0.0902468, -0.0296625, -0.0902559, -0.0296657, -8.30171E-011, -3.8253E-009
4, 420.00000, -0.1083, -0.0355964, -0.09025, -0.0296638, -0.0902501, -0.0296638, -8.24844E-011, -3.82702E-009
4, 480.00000, -0.1083, -0.0355965, -0.09025, -0.0296638, -0.09025, -0.0296637, -8.24696E-011, -3.82707E-009
4, 540.00000, -0.1083, -0.0355965, -0.09025, -0.0296638, -0.09025, -0.0296637, -8.24693E-011, -3.82707E-009
4, 600.00000, -0.1083, -0.0355965, -0.09025, -0.0296638, -0.09025, -0.0296637, -8.24693E-011, -3.82707E-009
4, 660.00000, -0.126348, -0.0415285, -0.108304, -0.0355978, -0.0721982, -0.0237305, 5.85379E-009, -1.90418E-008
4, 720.00000, -0.12635, -0.0415292, -0.1083, -0.0355966, -0.0721999, -0.023731, 5.85317E-009, -1.90419E-008
4, 780.00000, -0.12635, -0.0415291, -0.1083, -0.0355965, -0.0721999, -0.023731, 5.85314E-009, -1.90418E-008
4, 840.00000, -0.12635, -0.0415291, -0.1083, -0.0355965, -0.0721999, -0.023731, 5.85314E-009, -1.90418E-008
4, 900.00000, -0.12635, -0.0415291, -0.1083, -0.0355965, -0.0721999, -0.023731, 5.85314E-009, -1.90418E-008
4, 960.00000, -0.0902547, -0.0296652, -0.108312, -0.0356005, -0.108302, -0.0355972, 1.29607E-009, -1.91495E-009
4, 1020.00000, -0.09025, -0.0296638, -0.1083, -0.0355965, -0.1083, -0.0355965, 1.2958E-009, -1.91426E-009
4, 1080.00000, -0.09025, -0.0296638, -0.1083, -0.0355965, -0.1083, -0.0355965, 1.29581E-009, -1.91427E-009
4, 1140.00000, -0.09025, -0.0296638, -0.1083, -0.0355965, -0.1083, -0.0355965, 1.29581E-009, -1.91427E-009
4, 1200.00000, -0.09025, -0.0296638, -0.1083, -0.0355965, -0.1083, -0.0355965, 1.29581E-009, -1.91427E-009
4, 1260.00000, -0.108312, -0.0356006, -0.108288, -0.0355928, -0.108289, -0.0355923, -1.56132E-010, -1.23618E-011
4, 1320.00000, -0.1083, -0.0355965, -0.1083, -0.0355964, -0.1083, -0.0355965, -1.55418E-010, -1.09223E-011
4, 1380.00000, -0.1083, -0.0355965, -0.1083, -0.0355965, -0.1083, -0.0355965, -1.55408E-010, -1.09045E-011
4, 1440.00000, -0.1083, -0.0355965, -0.1083, -0.0355965, -0.1083, -0.0355965, -1.55408E-010, -1.09044E-011
4, 1500.00000, -0.1083, -0.0355965, -0.1083, -0.0355965, -0.1083, -0.0355965, -1.55408E-010, -1.09044E-011
4, 1560.00000, -0.126347, -0.041528, -0.108303, -0.0355974, -0.1083, -0.0355965, 4.73408E-010, -3.32158E-009
4, 1620.00000, -0.12635, -0.0415292, -0.1083, -0.0355965, -0.1083, -0.0355965, 4.73876E-010, -3.32301E-009
4, 1680.00000, -0.12635, -0.0415292, -0.1083, -0.0355965, -0.1083, -0.0355965, 4.73879E-010, -3.32302E-009
4, 1740.00000, -0.12635, -0.0415292, -0.1083, -0.0355965, -0.1083, -0.0355965, 4.73879E-010, -3.32302E-009
4, 1800.00000, -0.12635, -0.0415292, -0.1083, -0.0355965, -0.1083, -0.0355965, 4.73879E-010, -3.32302E-009
4, 1860.00000, -0.108302, -0.035597, -0.126352, -0.0415299, -0.108297, -0.0355956, 9.75048E-010, -1.92916E-009
4, 1920.00000, -0.1083, -0.0355965, -0.12635, -0.0415292, -0.1083, -0.0355965, 9.74953E-010, -1.92832E-009
4, 1980.00000, -0.108301, -0.0355967, -0.126351, -0.0415294, -0.1083, -0.0355967, 9.75056E-010, -1.928E-009
4, 2040.00000, -0.108299, -0.0355962, -0.126349, -0.041529, -0.1083, -0.0355964, 9.74973E-010, -1.9283E-009
4, 2100.00000, -0.108301, -0.0355967, -0.126351, -0.0415294, -0.1083, -0.0355967, 9.75041E-010, -1.92805E-009
4, 2160.00000, -0.108301, -0.035597, -0.108296, -0.035595, -0.108313, -0.0356006, -1.19177E-010, -1.44554E-011
4, 2220.00000, -0.108301, -0.0355968, -0.108301, -0.0355967, -0.108301, -0.0355968, -1.19169E-010, -1.46927E-011
4, 2280.00000, -0.1083, -0.0355966, -0.1083, -0.0355966, -0.1083, -0.0355966, -1.19122E-010, -1.46745E-011
4, 2340.00000, -0.1083, -0.0355966, -0.1083, -0.0355965, -0.1083, -0.0355965, -1.1909E-010, -1.46612E-011
4, 2400.00000, -0.108303, -0.0355973, -0.108302, -0.0355971, -0.108302, -0.0355971, -1.18779E-010, -1.45748E-011
4, 2460.00000, -0.0722006, -0.0237313, -0.108297, -0.0355954, -0.126352, -0.0415296, 8.15945E-009, -1.54294E-008
4, 2520.00000, -0.0722022, -0.0237318, -0.108303, -0.0355973, -0.126353, -0.0415302, 8.15413E-009, -1.54273E-008
4, 2580.00000, -0.0722, -0.023731, -0.1083, -0.0355964, -0.12635, -0.0415293, 8.15395E-009, -1.54269E-008
4, 2640.00000, -0.0722, -0.023731, -0.1083, -0.0355964, -0.12635, -0.0415293, 8.15395E-009, -1.54269E-008
4, 2700.00000, -0.0722, -0.023731, -0.1083, -0.0355964, -0.12635, -0.0415293, 8.15395E-009, -1.54269E-008
4, 2760.00000, -0.0902515, -0.0296643, -0.144393, -0.0474597, -0.0902519, -0.0296643, 1.04898E-008, -1.94762E-008
4, 2820.00000, -0.0902514, -0.0296642, -0.144402, -0.0474626, -0.0902511, -0.0296642, 1.04916E-008, -1.94768E-008
4, 2880.00000, -0.0902503, -0.0296638, -0.144401, -0.0474621, -0.0902503, -0.0296639, 1.0491E-008, -1.94749E-008
4, 2940.00000, -0.0902508, -0.029664, -0.144401, -0.0474624, -0.0902507, -0.029664, 1.04898E-008, -1.94714E-008
4, 3000.00000, -0.0902508, -0.029664, -0.144401, -0.0474623, -0.0902507, -0.029664, 1.04886E-008, -1.94676E-008
4, 3060.00000, -0.108294, -0.0355944, -0.126355, -0.0415308, -0.0722018, -0.0237318, 6.23809E-009, -1.8394E-008
4, 3120.00000, -0.108304, -0.0355978, -0.126354, -0.0415306, -0.0722018, -0.0237316, 6.23691E-009, -1.83783E-008
4, 3180.00000, -0.108299, -0.0355961, -0.126349, -0.041529, -0.0721996, -0.0237309, 6.23644E-009, -1.83799E-008
4, 3240.00000, -0.108303, -0.0355974, -0.126353, -0.0415302, -0.0722012, -0.0237315, 6.23631E-009, -1.83694E-008
4, 3300.00000, -0.1083, -0.0355966, -0.12635, -0.0415294, -0.0722002, -0.0237311, 6.23593E-009, -1.83666E-008
4, 3360.00000, -0.0902517, -0.0296641, -0.108304, -0.0355981, -0.108288, -0.0355924, 1.40174E-009, -1.7166E-009
4, 3420.00000, -0.0902521, -0.0296645, -0.108302, -0.0355971, -0.108301, -0.035597, 1.40188E-009, -1.71799E-009
4, 3480.00000, -0.0902537, -0.029665, -0.108303, -0.0355976, -0.108303, -0.0355975, 1.40066E-009, -1.71883E-009
4, 3540.00000, -0.0902515, -0.0296642, -0.108301, -0.0355969, -0.108301, -0.0355969, 1.40022E-009, -1.71924E-009
5, 0.00000, -0.0902499, -0.0296637, -0.1083, -0.0355964, -0.1083, -0.0355965, 1.40028E-009, -1.71927E-009
5, 60.00000, -0.0902564, -0.0296657, -0.0902502, -0.0296641, -0.126336, -0.0415243, 4.16832E-009, -9.71957E-009
5, 120.00000, -0.0902512, -0.0296642, -0.0902506, -0.0296639, -0.126351, -0.0415295, 4.17153E-009, -9.72848E-009
5, 180.00000, -0.0902527, -0.0296647, -0.0902519, -0.0296644, -0.126353, -0.0415301, 4.16848E-009, -9.72834E-009
5, 240.00000, -0.0902519, -0.0296644, -0.0902514, -0.0296642, -0.126352, -0.0415299, 4.16614E-009, -9.72798E-009
5, 300.00000, -0.0902555, -0.0296657, -0.090254, -0.0296651, -0.126356, -0.0415312, 4.1596E-009, -9.72746E-009
5, 360.00000, -0.108291, -0.0355938, -0.108301, -0.0355965, -0.108308, -0.0355992, -3.08721E-011, -4.88823E-012
5, 420.00000, -0.108302, -0.0355973, -0.108302, -0.0355972, -0.108302, -0.0355971, -3.0883E-011, -5.08367E-012
5, 480.00000, -0.108302, -0.0355972, -0.108301, -0.035597, -0.108301, -0.0355969, -3.08469E-011, -5.05467E-012
5, 540.00000, -0.108307, -0.0355987, -0.108305, -0.0355982, -0.108304, -0.035598, -3.07307E-011, -4.97038E-012
5, 600.00000, -0.108307, -0.0355987, -0.108305, -0.0355982, -0.108304, -0.035598, -3.06065E-011, -4.85949E-012
5, 660.00000, -0.144397, -0.0474609, -0.108299, -0.035596, -0.108304, -0.0355977, 2.8594E-009, -1.17803E-008
5, 720.00000, -0.14441, -0.0474654, -0.108306, -0.0355986, -0.108305, -0.0355982, 2.86039E-009, -1.17639E-008
5, 780.00000, -0.144405, -0.0474636, -0.108303, -0.0355975, -0.108302, -0.0355972, 2.85935E-009, -1.17524E-008
5, 840.00000, -0.144407, -0.0474643, -0.108304, -0.0355979, -0.108303, -0.0355976, 2.85877E-009, -1.17381E-008
5, 900.00000, -0.14441, -0.0474653, -0.108306, -0.0355985, -0.108305, -0.0355981, 2.85794E-009, -1.17179E-008
5, 960.00000, -0.144411, -0.0474656, -0.108295, -0.035595, -0.126347, -0.0415281, 1.38739E-009, -9.438E-009
5, 1020.00000, -0.14441, -0.0474652, -0.108306, -0.0355985, -0.126356, -0.0415313, 1.38365E-009, -9.41899E-009
5, 1080.00000, -0.144408, -0.0474646, -0.108305, -0.0355982, -0.126355, -0.0415309, 1.38222E-009, -9.40676E-009
5, 1140.00000, -0.144408, -0.0474645, -0.108305, -0.0355981, -0.126355, -0.0415308, 1.38094E-009, -9.39528E-009
5, 1200.00000, -0.144407, -0.0474642, -0.108304, -0.035598, -0.126354, -0.0415306, 1.37977E-009, -9.38481E-009
5, 1260.00000, -0.108297, -0.0355953, -0.108306, -0.0355983, -0.0902502, -0.029664, 4.55575E-010, -2.9323E-009
5, 1320.00000, -0.108304, -0.0355977, -0.108303, -0.0355975, -0.090252, -0.0296644, 4.56485E-010, -2.92841E-009
5, 1380.00000, -0.108307, -0.0355989, -0.108305, -0.0355983, -0.0902539, -0.0296651, 4.58851E-010, -2.9199E-009
5, 1440.00000, -0.108305, -0.035598, -0.108303, -0.0355977, -0.0902525, -0.0296646, 4.60327E-010, -2.91375E-009
5, 1500.00000, -0.108308, -0.0355991, -0.108306, -0.0355985, -0.0902542, -0.0296652, 4.63017E-010, -2.90407E-009
5, 1560.00000, -0.108306, -0.0355984, -0.108299, -0.0355963, -0.108295, -0.0355946, -9.16142E-011, 8.2732E-013
5, 1620.00000, -0.108306, -0.0355984, -0.108304, -0.0355979, -0.108304, -0.0355979, -9.04458E-011, 1.43062E-012
5, 1680.00000, -0.108307, -0.0355987, -0.108305, -0.0355981, -0.108305, -0.0355982, -8.92836E-011, 1.68905E-012
5, 1740.00000, -0.108303, -0.0355975, -0.108302, -0.0355973, -0.108302, -0.0355973, -8.8708E-011, 1.84602E-012
5, 1800.00000, -0.108306, -0.0355984, -0.108304, -0.0355979, -0.108304, -0.035598, -8.77083E-011, 2.04854E-012
5, 1860.00000, -0.0902477, -0.0296631, -0.108299, -0.0355961, -0.108304, -0.0355979, 1.19915E-009, -2.00562E-009
5, 1920.00000, -0.0902543, -0.0296652, -0.108304, -0.0355979, -0.108304, -0.0355978, 1.19608E-009, -2.00595E-009
5, 1980.00000, -0.0902542, -0.0296652, -0.108304, -0.0355978, -0.108304, -0.0355977, 1.19352E-009, -2.00729E-009
5, 2040.00000, -0.0902534, -0.0296649, -0.108303, -0.0355976, -0.108303, -0.0355975, 1.19145E-009, -2.00842E-009
5, 2100.00000, -0.0902546, -0.0296653, -0.108304, -0.035598, -0.108304, -0.0355978, 1.18852E-009, -2.00995E-009
5, 2160.00000, -0.108317, -0.035602, -0.126344, -0.0415275, -0.126348, -0.0415283, 1.65473E-009, -9.29686E-010
5, 2220.00000, -0.108305, -0.0355981, -0.126354, -0.0415307, -0.126354, -0.0415307, 1.65606E-009, -9.3532E-010
5, 2280.00000, -0.108306, -0.0355986, -0.126356, -0.0415313, -0.126356, -0.0415311, 1.65313E-009, -9.38846E-010
5, 2340.00000, -0.108303, -0.0355975, -0.126353, -0.0415302, -0.126353, -0.0415302, 1.65171E-009, -9.40659E-010
5, 2400.00000, -0.108304, -0.0355979, -0.126354, -0.0415306, -0.126354, -0.0415305, 1.64969E-009, -9.43045E-010
5, 2460.00000, -0.126348, -0.0415286, -0.0541523, -0.017799, -0.126347, -0.0415281, 1.53179E-008, -3.8814E-008
5, 2520.00000, -0.126356, -0.0415312, -0.0541514, -0.0177988, -0.126354, -0.0415303, 1.52998E-008, -3.87796E-008
5, 2580.00000, -0.126355, -0.0415309, -0.0541511, -0.0177987, -0.126353, -0.0415301, 1.52808E-008, -3.87432E-008
5, 2640.00000, -0.126354, -0.0415307, -0.054151, -0.0177986, -0.126353, -0.04153, 1.52637E-008, -3.87105E-008
5, 2700.00000, -0.126356, -0.0415312, -0.0541514, -0.0177988, -0.126354, -0.0415304, 1.524E-008, -3.86652E-008
5, 2760.00000, -0.108297, -0.0355956, -0.12635, -0.0415289, -0.144405, -0.0474635, 3.37431E-009, -6.29671E-009
5, 2820.00000, -0.108303, -0.0355976, -0.126353, -0.0415301, -0.144402, -0.0474628, 3.3679E-009, -6.29531E-009
5, 2880.00000, -0.108304, -0.0355977, -0.126353, -0.0415302, -0.144403, -0.0474628, 3.3625E-009, -6.29698E-009
5, 2940.00000, -0.108304, -0.0355977, -0.126353, -0.0415301, -0.144402, -0.0474628, 3.35693E-009, -6.29876E-009
5, 3000.00000, -0.108303, -0.0355977, -0.126353, -0.0415301, -0.144402, -0.0474627, 3.35157E-009, -6.3005E-009
5, 3060.00000, -0.108303, -0.0355974, -0.126349, -0.0415288, -0.108298, -0.035596, 1.04888E-009, -2.13216E-009
5, 3120.00000, -0.108303, -0.0355975, -0.126352, -0.0415301, -0.108302, -0.0355972, 1.04919E-009, -2.12915E-009
5, 3180.00000, -0.108303, -0.0355975, -0.126352, -0.04153, -0.108302, -0.0355972, 1.04921E-009, -2.12571E-009
5, 3240.00000, -0.108303, -0.0355976, -0.126353, -0.0415301, -0.108302, -0.0355972, 1.04921E-009, -2.12193E-009
5, 3300.00000, -0.108303, -0.0355974, -0.126352, -0.0415299, -0.108302, -0.0355971, 1.04921E-009, -2.11872E-009
5, 3360.00000, -0.126365, -0.0415344, -0.0902444, -0.029662, -0.126356, -0.041531, 3.46631E-009, -1.00498E-008
5, 3420.00000, -0.126353, -0.0415303, -0.0902517, -0.0296643, -0.126352, -0.0415299, 3.45683E-009, -1.00302E-008
5, 3480.00000, -0.126352, -0.04153, -0.0902512, -0.0296642, -0.126352, -0.0415297, 3.45218E-009, -1.00207E-008
5, 3540.00000, -0.126352, -0.0415299, -0.0902511, -0.0296641, -0.126351, -0.0415296, 3.44786E-009, -1.00119E-008
6, 0.00000, -0.126351, -0.0415296, -0.0902505, -0.0296639, -0.126351, -0.0415294, 3.44573E-009, -1.00075E-008
6, 60.00000, -0.144399, -0.0474615, -0.12635, -0.0415294, -0.108298, -0.0355958, 9.743E-010, -9.14595E-009
6, 120.00000, -0.144405, -0.0474635, -0.126353, -0.0415302, -0.108303, -0.0355974, 9.77828E-010, -9.1222E-009
6, 180.00000, -0.144403, -0.047463, -0.126352, -0.0415299, -0.108302, -0.0355971, 9.80223E-010, -9.10489E-009
6, 240.00000, -0.144404, -0.0474633, -0.126352, -0.0415301, -0.108302, -0.0355973, 9.8369E-010, -9.08154E-009
6, 300.00000, -0.144404, -0.0474632, -0.126352, -0.04153, -0.108302, -0.0355972, 9.8711E-010, -9.05798E-009
6, 360.00000, -0.108299, -0.0355963, -0.162448, -0.053394, -0.144403, -0.047463, 7.2948E-009, -1.57713E-008
6, 420.00000, -0.108302, -0.0355972, -0.162453, -0.0533957, -0.144402, -0.0474626, 7.28336E-009, -1.57593E-008
6, 480.00000, -0.108302, -0.0355971, -0.162453, -0.0533956, -0.144401, -0.0474625, 7.27188E-009, -1.57474E-008
6, 540.00000, -0.108301, -0.0355969, -0.162452, -0.0533952, -0.144401, -0.0474623, 7.26422E-009, -1.57394E-008
6, 600.00000, -0.108301, -0.035597, -0.162452, -0.0533955, -0.144401, -0.0474624, 7.25296E-009, -1.57278E-008
6, 660.00000, -0.144399, -0.0474617, -0.144402, -0.0474626, -0.144399, -0.0474616, -3.03401E-010, -7.04874E-012
6, 720.00000, -0.144402, -0.0474627, -0.144401, -0.0474625, -0.144401, -0.0474623, -3.02333E-010, -6.97164E-012
6, 780.00000, -0.144402, -0.0474626, -0.144401, -0.0474624, -0.144401, -0.0474623, -3.01157E-010, -6.6573E-012
6, 840.00000, -0.144402, -0.0474625, -0.144401, -0.0474623, -0.144401, -0.0474622, -3.00183E-010, -6.39244E-012
6, 900.00000, -0.144402, -0.0474625, -0.144401, -0.0474623, -0.144401, -0.0474622, -2.98967E-010, -6.08624E-012
6, 960.00000, -0.144399, -0.0474617, -0.144402, -0.0474627, -0.126349, -0.0415289, 5.43405E-010, -2.69394E-009
6, 1020.00000, -0.144401, -0.0474623, -0.1444, -0.0474619, -0.12635, -0.0415293, 5.4452E-010, -2.68792E-009
6, 1080.00000, -0.144402, -0.0474625, -0.1444, -0.0474619, -0.12635, -0.0415293, 5.46528E-010, -2.67932E-009
6, 1140.00000, -0.144402, -0.0474625, -0.144399, -0.0474618, -0.12635, -0.0415293, 5.4886E-010, -2.66928E-009
6, 1200.00000, -0.144401, -0.0474622, -0.144399, -0.0474618, -0.12635, -0.0415292, 5.50275E-010, -2.66312E-009
6, 1260.00000, -0.144401, -0.0474624, -0.162447, -0.0533937, -0.126351, -0.0415297, 3.10058E-009, -5.66235E-009
6, 1320.00000, -0.1444, -0.0474618, -0.16245, -0.0533947, -0.12635, -0.0415292, 3.1014E-009, -5.64664E-009
6, 1380.00000, -0.1444, -0.0474618, -0.16245, -0.0533947, -0.12635, -0.0415291, 3.10126E-009, -5.63394E-009
6, 1440.00000, -0.1444, -0.0474618, -0.16245, -0.0533947, -0.12635, -0.0415291, 3.10114E-009, -5.62426E-009
6, 1500.00000, -0.144399, -0.0474616, -0.162449, -0.0533945, -0.126349, -0.041529, 3.10099E-009, -5.60935E-009
6, 1560.00000, -0.126349, -0.0415289, -0.162451, -0.053395, -0.12635, -0.0415295, 3.74026E-009, -9.05431E-009
6, 1620.00000, -0.126349, -0.0415288, -0.162448, -0.0533942, -0.126348, -0.0415288, 3.73737E-009, -9.03956E-009
6, 1680.00000, -0.126348, -0.0415286, -0.162448, -0.053394, -0.126348, -0.0415286, 3.73443E-009, -9.02364E-009
6, 1740.00000, -0.126348, -0.0415286, -0.162448, -0.053394, -0.126348, -0.0415286, 3.73171E-009, -9.009E-009
6, 1800.00000, -0.126348, -0.0415286, -0.162448, -0.053394, -0.126348, -0.0415286, 3.72932E-009, -8.9962E-009
6, 1860.00000, -0.144399, -0.0474618, -0.1805, -0.0593276, -0.1444, -0.0474622, 4.69546E-009, -7.24644E-009
6, 1920.00000, -0.144397, -0.0474611, -0.180497, -0.0593264, -0.144397, -0.0474609, 4.69137E-009, -7.23437E-009
6, 1980.00000, -0.144398, -0.0474614, -0.180498, -0.0593268, -0.144398, -0.0474613, 4.68893E-009, -7.22686E-009
6, 2040.00000, -0.144397, -0.0474608, -0.180496, -0.0593261, -0.144396, -0.0474606, 4.68448E-009, -7.21346E-009
6, 2100.00000, -0.144398, -0.0474613, -0.180498, -0.0593266, -0.144397, -0.0474612, 4.68195E-009, -7.20572E-009
6, 2160.00000, -0.144402, -0.0474627, -0.162449, -0.0533943, -0.126349, -0.041529, 2.65946E-009, -6.08628E-009
6, 2220.00000, -0.144394, -0.0474601, -0.162446, -0.0533933, -0.126347, -0.0415282, 2.66064E-009, -6.06876E-009
6, 2280.00000, -0.144395, -0.0474602, -0.162446, -0.0533934, -0.126347, -0.0415283, 2.66156E-009, -6.05374E-009
6, 2340.00000, -0.144394, -0.0474601, -0.162446, -0.0533933, -0.126347, -0.0415282, 2.66245E-009, -6.03901E-009
6, 2400.00000, -0.144394, -0.0474601, -0.162446, -0.0533933, -0.126347, -0.0415282, 2.6633E-009, -6.02475E-009
6, 2460.00000, -0.108299, -0.0355962, -0.144401, -0.0474624, -0.12635, -0.0415294, 3.74149E-009, -5.09222E-009
6, 2520.00000, -0.108296, -0.0355952, -0.144396, -0.0474606, -0.126346, -0.0415281, 3.73643E-009, -5.08863E-009
6, 2580.00000, -0.108296, -0.0355953, -0.144396, -0.0474606, -0.126346, -0.0415281, 3.73227E-009, -5.08602E-009
6, 2640.00000, -0.108295, -0.035595, -0.144395, -0.0474604, -0.126346, -0.0415279, 3.72754E-009, -5.08308E-009
6, 2700.00000, -0.108297, -0.0355957, -0.144397, -0.0474611, -0.126348, -0.0415285, 3.72498E-009, -5.0815E-009
6, 2760.00000, -0.144402, -0.0474627, -0.144399, -0.0474616, -0.12635, -0.0415293, 1.01305E-009, -1.86441E-009
6, 2820.00000, -0.144392, -0.0474594, -0.144395, -0.0474603, -0.126345, -0.0415277, 1.01343E-009, -1.85615E-009
6, 2880.00000, -0.144391, -0.0474592, -0.144394, -0.0474601, -0.126345, -0.0415275, 1.014E-009, -1.84802E-009
6, 2940.00000, -0.144398, -0.0474614, -0.144399, -0.0474616, -0.126349, -0.0415289, 1.01427E-009, -1.84662E-009
6, 3000.00000, -0.14439, -0.0474589, -0.144393, -0.0474599, -0.126344, -0.0415273, 1.01471E-009, -1.83775E-009
6, 3060.00000, -0.126348, -0.0415287, -0.0902523, -0.0296645, -0.12635, -0.0415291, 3.09525E-009, -9.7739E-009
6, 3120.00000, -0.126344, -0.0415272, -0.090246, -0.0296625, -0.126345, -0.0415275, 3.09053E-009, -9.76503E-009
6, 3180.00000, -0.126342, -0.0415267, -0.0902451, -0.0296622, -0.126344, -0.0415271, 3.08451E-009, -9.75368E-009
6, 3240.00000, -0.126345, -0.0415277, -0.090247, -0.0296628, -0.126346, -0.0415279, 3.08109E-009, -9.7475E-009
6, 3300.00000, -0.126345, -0.0415275, -0.0902467, -0.0296627, -0.126346, -0.0415278, 3.07714E-009, -9.74014E-009
6, 3360.00000, -0.144402, -0.0474625, -0.126349, -0.0415289, -0.1083, -0.0355964, 1.7837E-009, -7.4666E-009
6, 3420.00000, -0.144395, -0.0474603, -0.126346, -0.0415281, -0.108297, -0.0355956, 1.78431E-009, -7.4542E-009
6, 3480.00000, -0.144401, -0.0474622, -0.12635, -0.0415294, -0.1083, -0.0355966, 1.78741E-009, -7.42872E-009
6, 3540.00000, -0.144389, -0.0474585, -0.126343, -0.0415269, -0.108294, -0.0355946, 1.78901E-009, -7.40574E-009
7, 0.00000, -0.144389, -0.0474585, -0.126343, -0.0415269, -0.108294, -0.0355946, 1.79112E-009, -7.38594E-009
7, 60.00000, -0.162446, -0.0533934, -0.126348, -0.0415287, -0.180501, -0.0593276, 5.99776E-009, -1.64197E-008
7, 120.00000, -0.162449, -0.0533943, -0.126349, -0.041529, -0.180499, -0.059327, 5.99567E-009, -1.64171E-008
7, 180.00000, -0.162435, -0.0533898, -0.126341, -0.0415263, -0.180486, -0.0593229, 5.97993E-009, -1.63953E-008
7, 240.00000, -0.162435, -0.0533899, -0.126341, -0.0415264, -0.180487, -0.0593231, 5.96622E-009, -1.6378E-008
7, 300.00000, -0.162441, -0.0533919, -0.126345, -0.0415276, -0.180492, -0.0593248, 5.95868E-009, -1.63692E-008
7, 360.00000, -0.144401, -0.0474624, -0.180499, -0.0593272, -0.162455, -0.0533963, 3.20702E-009, -6.01829E-009
7, 420.00000, -0.144389, -0.0474584, -0.18049, -0.0593243, -0.16244, -0.0533915, 3.20219E-009, -6.01582E-009
7, 480.00000, -0.144387, -0.0474578, -0.180489, -0.0593238, -0.162438, -0.0533909, 3.19588E-009, -6.01218E-009
7, 540.00000, -0.144385, -0.0474573, -0.180487, -0.0593234, -0.162437, -0.0533905, 3.18907E-009, -6.00827E-009
7, 600.00000, -0.144386, -0.0474575, -0.180488, -0.0593235, -0.162437, -0.0533907, 3.18261E-009, -6.00452E-009
7, 660.00000, -0.162455, -0.0533964, -0.180501, -0.0593278, -0.162443, -0.0533926, 1.09624E-009, -1.28789E-009
7, 720.00000, -0.162444, -0.0533928, -0.180495, -0.0593258, -0.162446, -0.0533933, 1.09684E-009, -1.28615E-009
7, 780.00000, -0.162435, -0.0533898, -0.180487, -0.0593234, -0.162439, -0.0533912, 1.09785E-009, -1.28354E-009
7, 840.00000, -0.162435, -0.0533898, -0.180487, -0.0593234, -0.162439, -0.0533912, 1.0987E-009, -1.28099E-009
7, 900.00000, -0.162433, -0.0533892, -0.180486, -0.0593229, -0.162438, -0.0533908, 1.09964E-009, -1.27821E-009
7, 960.00000, -0.198557, -0.0652624, -0.19855, -0.0652601, -0.144395, -0.0474604, 3.78928E-009, -2.34954E-008
7, 1020.00000, -0.198552, -0.0652608, -0.198551, -0.0652607, -0.144401, -0.0474623, 3.79493E-009, -2.34172E-008
7, 1080.00000, -0.198542, -0.0652577, -0.198544, -0.0652585, -0.144396, -0.0474608, 3.79612E-009, -2.33962E-008
7, 1140.00000, -0.198521, -0.0652509, -0.198528, -0.0652534, -0.144386, -0.0474574, 3.80153E-009, -2.33247E-008
7, 1200.00000, -0.198541, -0.0652572, -0.198543, -0.0652582, -0.144395, -0.0474606, 3.80479E-009, -2.3311E-008
7, 1260.00000, -0.180487, -0.0593231, -0.16245, -0.0533951, -0.144417, -0.0474673, 2.43863E-009, -6.0465E-009
7, 1320.00000, -0.180477, -0.0593203, -0.162436, -0.0533904, -0.144386, -0.0474576, 2.44157E-009, -6.0334E-009
7, 1380.00000, -0.18048, -0.059321, -0.162437, -0.0533908, -0.144388, -0.047458, 2.44177E-009, -6.01621E-009
7, 1440.00000, -0.180492, -0.0593249, -0.162445, -0.0533932, -0.144395, -0.0474604, 2.4424E-009, -6.01095E-009
7, 1500.00000, -0.18049, -0.0593242, -0.162444, -0.0533928, -0.144394, -0.04746, 2.44232E-009, -6.00204E-009
7, 1560.00000, -0.144404, -0.0474632, -0.162457, -0.0533969, -0.126342, -0.0415267, 3.58979E-009, -4.18423E-009
7, 1620.00000, -0.144382, -0.0474564, -0.162434, -0.0533898, -0.126338, -0.0415255, 3.58465E-009, -4.16764E-009
7, 1680.00000, -0.144386, -0.0474577, -0.162438, -0.053391, -0.126341, -0.0415264, 3.5834E-009, -4.15908E-009
7, 1740.00000, -0.144402, -0.0474626, -0.162452, -0.0533952, -0.126351, -0.0415297, 3.58132E-009, -4.14361E-009
7, 1800.00000, -0.144386, -0.0474574, -0.162437, -0.0533908, -0.12634, -0.0415262, 3.57931E-009, -4.13406E-009
7, 1860.00000, -0.180507, -0.0593295, -0.180491, -0.0593245, -0.126354, -0.0415306, 7.69229E-009, -1.77479E-008
7, 1920.00000, -0.180482, -0.0593216, -0.180487, -0.0593233, -0.126341, -0.0415264, 7.69021E-009, -1.77169E-008
7, 1980.00000, -0.180482, -0.0593218, -0.180487, -0.0593236, -0.126341, -0.0415264, 7.68843E-009, -1.7689E-008
7, 2040.00000, -0.180474, -0.0593193, -0.180481, -0.0593217, -0.126337, -0.0415251, 7.68492E-009, -1.76468E-008
7, 2100.00000, -0.180504, -0.0593285, -0.180502, -0.059328, -0.126351, -0.0415298, 7.68375E-009, -1.75975E-008
7, 2160.00000, -0.180503, -0.0593283, -0.162448, -0.0533941, -0.126349, -0.041529, 5.33086E-009, -1.4523E-008
7, 2220.00000, -0.180475, -0.0593196, -0.162434, -0.0533899, -0.126336, -0.0415248, 5.3277E-009, -1.44824E-008
7, 2280.00000, -0.180503, -0.0593283, -0.162451, -0.0533952, -0.126352, -0.0415298, 5.3286E-009, -1.44464E-008
7, 2340.00000, -0.180488, -0.0593238, -0.162443, -0.0533925, -0.126343, -0.0415272, 5.32723E-009, -1.44283E-008
7, 2400.00000, -0.180479, -0.0593209, -0.162437, -0.0533908, -0.126338, -0.0415255, 5.32593E-009, -1.43996E-008
7, 2460.00000, -0.126371, -0.0415361, -0.144396, -0.0474602, -0.144381, -0.0474562, 1.08367E-009, -1.82249E-009
7, 2520.00000, -0.126332, -0.0415237, -0.144384, -0.0474571, -0.144385, -0.0474573, 1.08438E-009, -1.83349E-009
7, 2580.00000, -0.126353, -0.0415301, -0.144401, -0.0474624, -0.144402, -0.0474626, 1.07947E-009, -1.83613E-009
7, 2640.00000, -0.126338, -0.0415255, -0.14439, -0.0474588, -0.14439, -0.0474589, 1.07779E-009, -1.83843E-009
7, 2700.00000, -0.126339, -0.041526, -0.144391, -0.0474593, -0.144392, -0.0474593, 1.07596E-009, -1.83977E-009
7, 2760.00000, -0.126348, -0.0415288, -0.144401, -0.0474624, -0.180501, -0.0593277, 6.01455E-009, -1.59389E-008
7, 2820.00000, -0.126339, -0.041526, -0.144391, -0.0474592, -0.18049, -0.0593242, 6.00675E-009, -1.59356E-008
7, 2880.00000, -0.126354, -0.0415306, -0.144402, -0.0474626, -0.180503, -0.0593284, 5.98265E-009, -1.5929E-008
7, 2940.00000, -0.126353, -0.0415301, -0.144401, -0.0474623, -0.180502, -0.059328, 5.96829E-009, -1.5925E-008
7, 3000.00000, -0.126339, -0.041526, -0.144391, -0.0474591, -0.18049, -0.0593242, 5.96162E-009, -1.59228E-008
7, 3060.00000, -0.180503, -0.0593284, -0.198543, -0.065258, -0.162452, -0.0533954, 1.91229E-009, -6.69988E-009
7, 3120.00000, -0.180503, -0.0593284, -0.198552, -0.0652608, -0.162452, -0.0533953, 1.91452E-009, -6.69027E-009
7, 3180.00000, -0.18048, -0.0593214, -0.198533, -0.065255, -0.162437, -0.0533906, 1.91501E-009, -6.67979E-009
7, 3240.00000, -0.180478, -0.0593208, -0.198532, -0.0652546, -0.162435, -0.0533902, 1.91594E-009, -6.66979E-009
7, 3300.00000, -0.180486, -0.0593231, -0.198538, -0.0652566, -0.162441, -0.0533918, 1.91669E-009, -6.66383E-009
7, 3360.00000, -0.180504, -0.0593288, -0.1444, -0.0474619, -0.162444, -0.0533927, 2.39369E-009, -6.19928E-009
7, 3420.00000, -0.180486, -0.0593231, -0.144391, -0.0474594, -0.16244, -0.0533915, 2.39157E-009, -6.19054E-009
7, 3480.00000, -0.180504, -0.0593285, -0.144401, -0.0474624, -0.162452, -0.0533954, 2.39047E-009, -6.18295E-009
7, 3540.00000, -0.180484, -0.0593225, -0.14439, -0.0474591, -0.162439, -0.0533912, 2.3881E-009, -6.1742E-009
8, 0.00000, -0.180505, -0.0593289, -0.144402, -0.0474626, -0.162453, -0.0533956, 2.38657E-009, -6.16394E-009
8, 60.00000, -0.198543, -0.0652583, -0.198561, -0.0652639, -0.162449, -0.0533942, 3.49437E-009, -6.54456E-009
8, 120.00000, -0.198555, -0.0652616, -0.198552, -0.0652608, -0.162452, -0.0533955, 3.49326E-009, -6.52527E-009
8, 180.00000, -0.198531, -0.0652544, -0.198537, -0.0652563, -0.162439, -0.0533915, 3.49232E-009, -6.51366E-009
8, 240.00000, -0.198558, -0.0652625, -0.198553, -0.0652611, -0.162453, -0.0533959, 3.49329E-009, -6.48902E-009
8, 300.00000, -0.198556, -0.0652618, -0.198552, -0.0652609, -0.162452, -0.0533955, 3.49321E-009, -6.47005E-009
8, 360.00000, -0.144409, -0.0474644, -0.25268, -0.0830518, -0.162451, -0.0533955, 2.76456E-008, -6.2417E-008
8, 420.00000, -0.144405, -0.0474636, -0.252705, -0.0830597, -0.162454, -0.0533963, 2.76093E-008, -6.23343E-008
8, 480.00000, -0.144404, -0.0474631, -0.252704, -0.0830593, -0.162453, -0.053396, 2.75742E-008, -6.22546E-008
8, 540.00000, -0.144405, -0.0474635, -0.252705, -0.0830596, -0.162454, -0.0533963, 2.75299E-008, -6.21537E-008
8, 600.00000, -0.144405, -0.0474636, -0.252705, -0.0830597, -0.162455, -0.0533964, 2.74845E-008, -6.20504E-008
8, 660.00000, -0.180493, -0.0593255, -0.162454, -0.0533961, -0.126351, -0.0415296, 4.88267E-009, -1.45409E-008
8, 720.00000, -0.180506, -0.0593292, -0.162453, -0.0533956, -0.126353, -0.0415302, 4.88507E-009, -1.45056E-008
8, 780.00000, -0.180505, -0.0593288, -0.162452, -0.0533954, -0.126352, -0.04153, 4.88546E-009, -1.44762E-008
8, 840.00000, -0.180491, -0.0593246, -0.162444, -0.053393, -0.126345, -0.0415277, 4.88451E-009, -1.44655E-008
8, 900.00000, -0.180505, -0.059329, -0.162452, -0.0533955, -0.126353, -0.0415301, 4.88616E-009, -1.44365E-008
8, 960.00000, -0.162439, -0.0533917, -0.180513, -0.0593315, -0.16245, -0.0533944, 1.29838E-009, -1.07207E-009
8, 1020.00000, -0.162451, -0.053395, -0.180501, -0.0593279, -0.16245, -0.0533948, 1.29627E-009, -1.06894E-009
8, 1080.00000, -0.162454, -0.0533959, -0.180502, -0.059328, -0.162452, -0.0533955, 1.29512E-009, -1.06764E-009
8, 1140.00000, -0.162454, -0.0533958, -0.180502, -0.059328, -0.162452, -0.0533954, 1.29431E-009, -1.06683E-009
8, 1200.00000, -0.162441, -0.053392, -0.180493, -0.0593252, -0.162444, -0.0533928, 1.29419E-009, -1.06698E-009
8, 1260.00000, -0.180507, -0.0593294, -0.144395, -0.0474604, -0.144396, -0.0474609, 2.9839E-009, -7.91717E-009
8, 1320.00000, -0.180505, -0.0593289, -0.144402, -0.0474625, -0.144402, -0.0474627, 2.98223E-009, -7.89981E-009
8, 1380.00000, -0.180491, -0.0593246, -0.144395, -0.0474604, -0.144395, -0.0474603, 2.98102E-009, -7.89282E-009
8, 1440.00000, -0.180505, -0.0593287, -0.144401, -0.0474625, -0.144402, -0.0474627, 2.98192E-009, -7.88288E-009
8, 1500.00000, -0.180505, -0.0593288, -0.144402, -0.0474625, -0.144402, -0.0474627, 2.9817E-009, -7.87014E-009
8, 1560.00000, -0.144408, -0.0474642, -0.180486, -0.059323, -0.19855, -0.0652605, 4.93777E-009, -1.6312E-008
8, 1620.00000, -0.14438, -0.0474562, -0.180482, -0.059322, -0.19853, -0.0652542, 4.93454E-009, -1.63132E-008
8, 1680.00000, -0.144404, -0.0474632, -0.180502, -0.059328, -0.198554, -0.0652615, 4.92451E-009, -1.63107E-008
8, 1740.00000, -0.144404, -0.0474633, -0.180502, -0.0593281, -0.198554, -0.0652615, 4.91489E-009, -1.63077E-008
8, 1800.00000, -0.144389, -0.0474589, -0.18049, -0.0593245, -0.198539, -0.0652568, 4.91137E-009, -1.63059E-008
8, 1860.00000, -0.180488, -0.0593234, -0.162449, -0.0533951, -0.198567, -0.065265, 2.53079E-011, -9.49482E-009
8, 1920.00000, -0.180505, -0.0593291, -0.162452, -0.0533953, -0.198554, -0.0652613, 1.92301E-011, -9.48654E-009
8, 1980.00000, -0.180507, -0.0593296, -0.162453, -0.0533956, -0.198555, -0.0652618, 1.4384E-011, -9.4825E-009
8, 2040.00000, -0.180507, -0.0593297, -0.162453, -0.0533957, -0.198555, -0.0652618, 9.43722E-012, -9.47825E-009
8, 2100.00000, -0.180485, -0.0593231, -0.16244, -0.0533917, -0.198538, -0.0652563, 7.98233E-012, -9.47431E-009
8, 2160.00000, -0.144409, -0.0474653, -0.216603, -0.0711929, -0.180479, -0.0593214, 1.23743E-008, -2.06578E-008
8, 2220.00000, -0.144409, -0.0474646, -0.216606, -0.0711946, -0.180508, -0.0593302, 1.23494E-008, -2.06411E-008
8, 2280.00000, -0.14441, -0.0474649, -0.216606, -0.0711946, -0.180509, -0.0593304, 1.23229E-008, -2.06153E-008
8, 2340.00000, -0.144386, -0.0474579, -0.216585, -0.0711885, -0.180487, -0.0593237, 1.23173E-008, -2.06116E-008
8, 2400.00000, -0.144406, -0.0474638, -0.216604, -0.0711939, -0.180506, -0.0593294, 1.23008E-008, -2.05945E-008
8, 2460.00000, -0.126347, -0.041529, -0.162469, -0.0534002, -0.108288, -0.0355925, 8.02269E-009, -9.70693E-009
8, 2520.00000, -0.126356, -0.0415309, -0.162453, -0.0533956, -0.108304, -0.0355978, 8.00746E-009, -9.67685E-009
8, 2580.00000, -0.126342, -0.0415268, -0.162443, -0.0533927, -0.108295, -0.0355951, 8.00561E-009, -9.67392E-009
8, 2640.00000, -0.126359, -0.0415316, -0.162454, -0.0533957, -0.108305, -0.0355981, 7.997E-009, -9.65152E-009
8, 2700.00000, -0.126356, -0.0415309, -0.162453, -0.0533954, -0.108303, -0.0355976, 7.99104E-009, -9.63739E-009
8, 2760.00000, -0.216585, -0.0711881, -0.180501, -0.0593284, -0.180515, -0.0593317, 1.70383E-009, -8.94725E-009
8, 2820.00000, -0.216587, -0.071189, -0.180494, -0.059326, -0.180493, -0.0593252, 1.70562E-009, -8.95086E-009
8, 2880.00000, -0.216607, -0.0711949, -0.180502, -0.0593281, -0.180504, -0.0593287, 1.70813E-009, -8.94325E-009
8, 2940.00000, -0.216585, -0.0711887, -0.180491, -0.0593251, -0.180491, -0.0593248, 1.70731E-009, -8.93394E-009
8, 3000.00000, -0.216612, -0.0711963, -0.180503, -0.0593285, -0.180506, -0.0593295, 1.71063E-009, -8.91931E-009
8, 3060.00000, -0.108287, -0.0355928, -0.162458, -0.0533976, -0.18051, -0.0593299, 1.22031E-008, -2.44819E-008
8, 3120.00000, -0.108299, -0.0355962, -0.162451, -0.053395, -0.180499, -0.059327, 1.21948E-008, -2.44667E-008
8, 3180.00000, -0.108309, -0.0355991, -0.162455, -0.053396, -0.180509, -0.0593305, 1.21615E-008, -2.44526E-008
8, 3240.00000, -0.108283, -0.0355917, -0.162432, -0.0533895, -0.180481, -0.0593216, 1.21501E-008, -2.44453E-008
8, 3300.00000, -0.108307, -0.0355986, -0.162454, -0.0533957, -0.180508, -0.0593299, 1.21254E-008, -2.4436E-008
8, 3360.00000, -0.180492, -0.0593253, -0.16246, -0.0533979, -0.144399, -0.0474612, 1.71598E-009, -5.33424E-009
8, 3420.00000, -0.180512, -0.0593308, -0.162454, -0.0533959, -0.144407, -0.0474643, 1.71844E-009, -5.31909E-009
8, 3480.00000, -0.18051, -0.0593304, -0.162454, -0.0533958, -0.144406, -0.0474638, 1.7199E-009, -5.30371E-009
8, 3540.00000, -0.180508, -0.0593296, -0.162453, -0.0533955, -0.144404, -0.0474634, 1.72084E-009, -5.29202E-009
9, 0.00000, -0.180506, -0.0593291, -0.162452, -0.0533954, -0.144403, -0.0474631, 1.72159E-009, -5.28292E-009
9, 60.00000, -0.198563, -0.0652641, -0.198543, -0.0652576, -0.18049, -0.0593251, 8.96076E-010, -1.16064E-009
9, 120.00000, -0.198571, -0.0652662, -0.19856, -0.065263, -0.180512, -0.0593314, 8.96254E-010, -1.14758E-009
9, 180.00000, -0.198561, -0.0652634, -0.198555, -0.0652617, -0.180507, -0.0593296, 8.96652E-010, -1.14141E-009
9, 240.00000, -0.19853, -0.0652544, -0.198541, -0.0652577, -0.180487, -0.0593236, 8.95678E-010, -1.15241E-009
9, 300.00000, -0.198568, -0.0652654, -0.198558, -0.0652625, -0.180511, -0.0593311, 8.9652E-010, -1.1428E-009
9, 360.00000, -0.162437, -0.0533908, -0.180507, -0.0593303, -0.198562, -0.0652632, 2.77382E-009, -6.09853E-009
9, 420.00000, -0.16246, -0.0533977, -0.180504, -0.0593286, -0.19856, -0.0652633, 2.76131E-009, -6.0961E-009
9, 480.00000, -0.162458, -0.053397, -0.180504, -0.0593284, -0.198557, -0.0652624, 2.75588E-009, -6.09842E-009
9, 540.00000, -0.162443, -0.0533929, -0.180495, -0.0593259, -0.198544, -0.0652585, 2.75563E-009, -6.09879E-009
9, 600.00000, -0.162461, -0.0533979, -0.180505, -0.0593288, -0.19856, -0.0652634, 2.7471E-009, -6.10309E-009
9, 660.00000, -0.162437, -0.0533918, -0.144418, -0.0474675, -0.162447, -0.0533928, 4.741E-010, -2.27186E-009
9, 720.00000, -0.162453, -0.0533956, -0.1444, -0.047462, -0.162453, -0.0533956, 4.80104E-010, -2.28064E-009
9, 780.00000, -0.162446, -0.0533938, -0.1444, -0.047462, -0.162446, -0.0533935, 4.74821E-010, -2.27661E-009
9, 840.00000, -0.162457, -0.0533967, -0.144402, -0.0474626, -0.162455, -0.0533963, 4.73599E-010, -2.27741E-009
9, 900.00000, -0.162446, -0.0533937, -0.144397, -0.0474613, -0.162448, -0.053394, 4.73173E-010, -2.27635E-009
9, 960.00000, -0.162455, -0.0533968, -0.180507, -0.059329, -0.126341, -0.0415265, 6.02599E-009, -1.2318E-008
9, 1020.00000, -0.162458, -0.053397, -0.180505, -0.0593289, -0.126355, -0.0415309, 6.01955E-009, -1.22886E-008
9, 1080.00000, -0.162457, -0.0533965, -0.180503, -0.0593284, -0.126354, -0.0415305, 6.01759E-009, -1.22726E-008
9, 1140.00000, -0.162431, -0.0533892, -0.180485, -0.0593232, -0.126339, -0.041526, 6.01501E-009, -1.22626E-008
9, 1200.00000, -0.162457, -0.0533967, -0.180504, -0.0593285, -0.126354, -0.0415307, 6.01438E-009, -1.22462E-008
9, 1260.00000, -0.180526, -0.0593353, -0.180485, -0.0593218, -0.180482, -0.0593232, -8.16338E-011, -3.43338E-011
9, 1320.00000, -0.18051, -0.0593303, -0.180505, -0.059329, -0.180507, -0.0593296, -8.1371E-011, -3.51965E-011
9, 1380.00000, -0.180497, -0.0593265, -0.180493, -0.0593255, -0.180497, -0.0593266, -8.32942E-011, -3.72431E-011
9, 1440.00000, -0.180498, -0.0593269, -0.180498, -0.0593268, -0.180499, -0.0593271, -8.32353E-011, -3.71682E-011
9, 1500.00000, -0.180504, -0.0593285, -0.180501, -0.0593278, -0.180504, -0.0593286, -8.2177E-011, -3.60737E-011
9, 1560.00000, -0.180507, -0.0593291, -0.234633, -0.0771204, -0.216602, -0.0711944, 7.16774E-009, -1.16996E-008
9, 1620.00000, -0.180496, -0.059326, -0.23464, -0.0771228, -0.216603, -0.071194, 7.14705E-009, -1.17023E-008
9, 1680.00000, -0.180495, -0.0593256, -0.234631, -0.0771201, -0.216595, -0.0711919, 7.15638E-009, -1.17011E-008
9, 1740.00000, -0.180497, -0.0593263, -0.234641, -0.0771233, -0.216602, -0.0711938, 7.13734E-009, -1.17E-008
9, 1800.00000, -0.180493, -0.0593251, -0.234627, -0.077119, -0.216593, -0.0711916, 7.14828E-009, -1.16989E-008
9, 1860.00000, -0.216586, -0.0711886, -0.180503, -0.0593292, -0.180511, -0.0593304, 1.08388E-009, -8.72066E-009
9, 1920.00000, -0.216595, -0.0711912, -0.180491, -0.0593249, -0.180497, -0.0593268, 1.08507E-009, -8.74547E-009
9, 1980.00000, -0.216595, -0.0711908, -0.180489, -0.0593247, -0.180503, -0.0593285, 1.08884E-009, -8.6815E-009
9, 2040.00000, -0.216602, -0.0711945, -0.180521, -0.0593336, -0.1805, -0.0593268, 1.0821E-009, -8.66022E-009
9, 2100.00000, -0.216597, -0.0711913, -0.180485, -0.0593233, -0.1805, -0.059328, 1.08929E-009, -8.67833E-009
9, 2160.00000, -0.14438, -0.0474555, -0.162453, -0.0533971, -0.180532, -0.059336, 2.09201E-009, -7.1566E-009
9, 2220.00000, -0.144396, -0.0474603, -0.162439, -0.053392, -0.180509, -0.0593304, 2.07632E-009, -7.15137E-009
9, 2280.00000, -0.144404, -0.0474638, -0.162461, -0.0533976, -0.180491, -0.0593245, 2.08521E-009, -7.13178E-009
9, 2340.00000, -0.144392, -0.0474581, -0.162426, -0.0533888, -0.180521, -0.0593341, 2.06756E-009, -7.16606E-009
9, 2400.00000, -0.144401, -0.0474628, -0.162458, -0.053397, -0.180498, -0.0593265, 2.06396E-009, -7.15004E-009
9, 2460.00000, -0.216611, -0.0711986, -0.162473, -0.0534003, -0.126331, -0.0415233, 1.29589E-008, -3.64383E-008
9, 2520.00000, -0.216596, -0.0711908, -0.162439, -0.0533921, -0.126355, -0.0415308, 1.29214E-008, -3.62661E-008
9, 2580.00000, -0.216596, -0.0711923, -0.162474, -0.0534022, -0.126356, -0.0415302, 1.28759E-008, -3.61555E-008
9, 2640.00000, -0.2166, -0.0711932, -0.162467, -0.0534001, -0.126358, -0.041531, 1.28853E-008, -3.61743E-008
9, 2700.00000, -0.216601, -0.071192, -0.162431, -0.0533894, -0.12635, -0.0415296, 1.29146E-008, -3.62429E-008
9, 2760.00000, -0.16341, -0.0537096, -0.180494, -0.0593273, -0.180527, -0.059335, 6.83355E-010, -1.99049E-009
9, 2820.00000, -0.163856, -0.0538562, -0.180486, -0.059324, -0.180513, -0.0593316, 6.34545E-010, -1.88843E-009
9, 2880.00000, -0.163625, -0.0537797, -0.180472, -0.0593198, -0.180505, -0.0593297, 6.57606E-010, -1.93839E-009
9, 2940.00000, -0.163883, -0.0538672, -0.180531, -0.0593359, -0.180492, -0.0593244, 6.36327E-010, -1.8766E-009
9, 3000.00000, -0.164208, -0.0539718, -0.180489, -0.0593248, -0.18051, -0.0593305, 5.97417E-010, -1.81116E-009
9, 3060.00000, -0.163143, -0.0536214, -0.198521, -0.0652523, -0.216612, -0.0711975, 4.13781E-009, -1.59205E-008
9, 3120.00000, -0.163342, -0.0536887, -0.198568, -0.0652652, -0.2166, -0.0711924, 4.09815E-009, -1.57931E-008
9, 3180.00000, -0.163205, -0.0536425, -0.198534, -0.0652557, -0.216601, -0.0711939, 4.12451E-009, -1.58769E-008
9, 3240.00000, -0.163718, -0.0538113, -0.198542, -0.0652581, -0.216607, -0.0711951, 4.00743E-009, -1.55832E-008
9, 3300.00000, -0.164213, -0.0539756, -0.198584, -0.0652696, -0.216595, -0.0711901, 3.89869E-009, -1.52866E-008
9, 3360.00000, -0.146334, -0.0480974, -0.108301, -0.0355978, -0.198581, -0.0652682, 1.11046E-008, -4.26931E-008
9, 3420.00000, -0.14651, -0.0481561, -0.108308, -0.0355986, -0.198547, -0.0652587, 1.10405E-008, -4.26688E-008
9, 3480.00000, -0.146765, -0.0482398, -0.108306, -0.0355985, -0.198555, -0.065261, 1.09705E-008, -4.26847E-008
9, 3540.00000, -0.146689, -0.0482147, -0.108311, -0.0356001, -0.198564, -0.065263, 1.09925E-008, -4.26857E-008
10, 0.00000, -0.147086, -0.0483452, -0.108308, -0.0355992, -0.198567, -0.0652641, 1.0923E-008, -4.26599E-008
10, 60.00000, -0.181859, -0.0597749, -0.162459, -0.053396, -0.198527, -0.0652536, 9.05617E-010, -8.20437E-009
10, 120.00000, -0.181784, -0.0597499, -0.162465, -0.0533992, -0.198556, -0.0652611, 9.19489E-010, -8.19947E-009
10, 180.00000, -0.181905, -0.0597888, -0.162424, -0.0533867, -0.198536, -0.0652576, 9.01956E-010, -8.23024E-009
10, 240.00000, -0.182037, -0.0598333, -0.162458, -0.0533968, -0.198547, -0.0652591, 8.83376E-010, -8.23685E-009
10, 300.00000, -0.182522, -0.0599917, -0.162444, -0.0533933, -0.198557, -0.0652625, 8.17344E-010, -8.31909E-009
10, 360.00000, -0.16539, -0.0543611, -0.180504, -0.0593295, -0.180511, -0.05933, 2.64937E-010, -1.92231E-009
10, 420.00000, -0.165548, -0.0544132, -0.180477, -0.0593194, -0.180471, -0.0593206, 2.50645E-010, -1.88126E-009
10, 480.00000, -0.16295, -0.0535584, -0.18049, -0.0593253, -0.180511, -0.0593307, 4.67775E-010, -2.47612E-009
10, 540.00000, -0.16419, -0.0539652, -0.180471, -0.0593197, -0.18051, -0.0593313, 3.65333E-010, -2.1716E-009
10, 600.00000, -0.165557, -0.0544156, -0.180491, -0.0593245, -0.180495, -0.0593265, 2.50908E-010, -1.88476E-009
10, 660.00000, -0.202841, -0.066671, -0.144401, -0.0474625, -0.19855, -0.06526, 4.73662E-009, -2.24958E-008
10, 720.00000, -0.202835, -0.0666688, -0.144401, -0.0474623, -0.198551, -0.0652603, 4.73692E-009, -2.24941E-008
10, 780.00000, -0.202688, -0.0666204, -0.144417, -0.0474677, -0.198572, -0.0652652, 4.73354E-009, -2.24274E-008
10, 840.00000, -0.202712, -0.0666284, -0.144398, -0.0474614, -0.198547, -0.0652594, 4.73466E-009, -2.24461E-008
10, 900.00000, -0.2027, -0.0666242, -0.144401, -0.0474625, -0.198552, -0.0652605, 4.73441E-009, -2.24395E-008
10, 960.00000, -0.183247, -0.0602297, -0.198539, -0.0652562, -0.126343, -0.0415278, 1.01856E-008, -2.2975E-008
10, 1020.00000, -0.184076, -0.0605032, -0.198569, -0.065266, -0.126356, -0.0415303, 1.02293E-008, -2.30122E-008
10, 1080.00000, -0.184253, -0.0605607, -0.198529, -0.0652539, -0.126341, -0.0415274, 1.02422E-008, -2.30011E-008
10, 1140.00000, -0.18431, -0.0605797, -0.198543, -0.0652582, -0.126348, -0.041529, 1.02483E-008, -2.30034E-008
10, 1200.00000, -0.184312, -0.0605802, -0.19855, -0.0652602, -0.12635, -0.0415293, 1.02492E-008, -2.30057E-008
10, 1260.00000, -0.16526, -0.0543183, -0.16245, -0.0533948, -0.198552, -0.0652607, 1.10501E-009, -1.02553E-008
10, 1320.00000, -0.165228, -0.0543078, -0.162452, -0.0533953, -0.198553, -0.0652609, 1.10775E-009, -1.02616E-008
10, 1380.00000, -0.16508, -0.054259, -0.162462, -0.0533983, -0.198562, -0.0652629, 1.12632E-009, -1.02871E-008
10, 1440.00000, -0.165111, -0.0542692, -0.162447, -0.0533938, -0.198548, -0.0652598, 1.11954E-009, -1.02822E-008
10, 1500.00000, -0.1651, -0.0542659, -0.162451, -0.053395, -0.198551, -0.0652603, 1.12146E-009, -1.02831E-008
10, 1560.00000, -0.184205, -0.0605441, -0.234614, -0.0771122, -0.180468, -0.0593204, 7.72581E-009, -1.32263E-008
10, 1620.00000, -0.184331, -0.060587, -0.234633, -0.0771187, -0.180472, -0.0593207, 7.71098E-009, -1.31886E-008
10, 1680.00000, -0.184569, -0.0606647, -0.234655, -0.0771275, -0.180507, -0.0593293, 7.67086E-009, -1.31146E-008
10, 1740.00000, -0.184523, -0.0606498, -0.234655, -0.0771275, -0.180507, -0.0593294, 7.6789E-009, -1.31287E-008
10, 1800.00000, -0.184895, -0.0607719, -0.234877, -0.0772005, -0.180505, -0.0593288, 7.67504E-009, -1.31333E-008
10, 1860.00000, -0.204097, -0.0670827, -0.19882, -0.0653485, -0.162445, -0.053394, 3.6421E-009, -7.10026E-009
10, 1920.00000, -0.203963, -0.0670389, -0.198725, -0.0653183, -0.162465, -0.0533985, 3.61903E-009, -7.05437E-009
10, 1980.00000, -0.203909, -0.0670214, -0.198683, -0.0653042, -0.162457, -0.0533965, 3.61276E-009, -7.04126E-009
10, 2040.00000, -0.203935, -0.0670303, -0.1987, -0.0653095, -0.162447, -0.053394, 3.61831E-009, -7.05284E-009
10, 2100.00000, -0.20394, -0.0670317, -0.198704, -0.0653108, -0.162449, -0.0533946, 3.61848E-009, -7.0532E-009
10, 2160.00000, -0.186047, -0.0611505, -0.144397, -0.0474613, -0.126349, -0.041529, 6.05229E-009, -1.39231E-008
10, 2220.00000, -0.186188, -0.0611972, -0.144483, -0.0474894, -0.126342, -0.0415273, 6.07884E-009, -1.3971E-008
10, 2280.00000, -0.186482, -0.0612942, -0.144665, -0.0475492, -0.126333, -0.0415254, 6.13586E-009, -1.40617E-008
10, 2340.00000, -0.186678, -0.061358, -0.144784, -0.0475885, -0.126339, -0.041527, 6.17128E-009, -1.41167E-008
10, 2400.00000, -0.18693, -0.0614408, -0.144944, -0.0476415, -0.126344, -0.0415283, 6.23439E-009, -1.41645E-008
10, 2460.00000, -0.224167, -0.0736803, -0.145436, -0.0478027, -0.162451, -0.0533949, 1.09511E-008, -2.76058E-008
10, 2520.00000, -0.224617, -0.0738278, -0.145667, -0.0478783, -0.16245, -0.0533947, 1.1031E-008, -2.77308E-008
10, 2580.00000, -0.224645, -0.073837, -0.145681, -0.0478832, -0.162449, -0.0533946, 1.10385E-008, -2.77351E-008
10, 2640.00000, -0.22491, -0.0739242, -0.14582, -0.0479296, -0.162448, -0.0533951, 1.11047E-008, -2.77763E-008
10, 2700.00000, -0.224835, -0.0738997, -0.145783, -0.0479164, -0.162451, -0.0533948, 1.1084E-008, -2.77655E-008
10, 2760.00000, -0.169252, -0.0556303, -0.199573, -0.0655964, -0.180565, -0.0593492, 2.46286E-009, -2.54135E-009
10, 2820.00000, -0.169175, -0.0556051, -0.199501, -0.0655724, -0.180502, -0.0593278, 2.46692E-009, -2.53873E-009
10, 2880.00000, -0.169426, -0.0556877, -0.199738, -0.0656516, -0.180723, -0.0594022, 2.45459E-009, -2.5466E-009
10, 2940.00000, -0.169846, -0.0558256, -0.200143, -0.0657834, -0.181104, -0.059526, 2.43798E-009, -2.55502E-009
10, 3000.00000, -0.170139, -0.0559223, -0.200419, -0.0658757, -0.181369, -0.0596149, 2.42434E-009, -2.56212E-009
10, 3060.00000, -0.150638, -0.0495129, -0.200486, -0.0658959, -0.182039, -0.0598331, 5.09077E-009, -1.05871E-008
10, 3120.00000, -0.15069, -0.0495294, -0.20054, -0.0659143, -0.182094, -0.0598517, 5.08618E-009, -1.05926E-008
10, 3180.00000, -0.151057, -0.0496498, -0.200942, -0.0660464, -0.182467, -0.0599737, 5.06808E-009, -1.0618E-008
10, 3240.00000, -0.151135, -0.049676, -0.201028, -0.0660748, -0.182545, -0.0600002, 5.06453E-009, -1.06219E-008
10, 3300.00000, -0.150952, -0.0496151, -0.200828, -0.0660086, -0.182363, -0.0599385, 5.07309E-009, -1.06126E-008
10, 3360.00000, -0.170754, -0.0561243, -0.200885, -0.0660278, -0.181828, -0.0597641, 2.99796E-009, -1.13386E-009
10, 3420.00000, -0.170617, -0.0560788, -0.200754, -0.0659842, -0.181708, -0.0597238, 3.00053E-009, -1.13511E-009
10, 3480.00000, -0.170482, -0.0560345, -0.200625, -0.0659418, -0.181585, -0.0596835, 3.00376E-009, -1.13183E-009
10, 3540.00000, -0.170669, -0.0560965, -0.200802, -0.0660008, -0.181752, -0.0597401, 2.99891E-009, -1.1347E-009
11, 0.00000, -0.170704, -0.0561079, -0.200837, -0.0660119, -0.181784, -0.0597497, 2.99869E-009, -1.13439E-009
11, 60.00000, -0.166271, -0.0546514, -0.180519, -0.059334, -0.180513, -0.0593298, 8.53771E-010, -9.7408E-010
11, 120.00000, -0.166226, -0.0546359, -0.180508, -0.0593302, -0.180509, -0.0593295, 8.57096E-010, -9.80279E-010
11, 180.00000, -0.166371, -0.0546834, -0.180479, -0.05932, -0.180474, -0.0593216, 8.39739E-010, -9.53495E-010
11, 240.00000, -0.16662, -0.0547655, -0.180505, -0.0593291, -0.180506, -0.0593287, 8.16185E-010, -9.27642E-010
11, 300.00000, -0.166926, -0.0548659, -0.180506, -0.0593297, -0.18051, -0.0593298, 7.87411E-010, -8.86123E-010
11, 360.00000, -0.166263, -0.0546492, -0.180519, -0.0593342, -0.180509, -0.0593283, 3.10341E-010, -1.5143E-009
11, 420.00000, -0.166453, -0.054711, -0.180489, -0.059324, -0.180484, -0.059324, 2.9071E-010, -1.47909E-009
11, 480.00000, -0.166536, -0.0547379, -0.180495, -0.0593259, -0.180493, -0.0593259, 2.8428E-010, -1.46704E-009
11, 540.00000, -0.166943, -0.0548715, -0.180503, -0.0593285, -0.180504, -0.0593282, 2.51393E-010, -1.40303E-009
11, 600.00000, -0.166941, -0.0548708, -0.1805, -0.0593275, -0.1805, -0.0593275, 2.51309E-010, -1.4028E-009
11, 660.00000, -0.130957, -0.0430409, -0.144386, -0.0474609, -0.126366, -0.0415335, 1.07131E-009, 1.42128E-010
11, 720.00000, -0.130998, -0.0430567, -0.144394, -0.0474607, -0.126349, -0.0415299, 1.07089E-009, 1.43954E-010
11, 780.00000, -0.13102, -0.0430639, -0.144397, -0.0474612, -0.126349, -0.0415296, 1.06983E-009, 1.45083E-010
11, 840.00000, -0.131006, -0.0430596, -0.144402, -0.0474625, -0.126351, -0.041529, 1.0715E-009, 1.43878E-010
11, 900.00000, -0.131131, -0.0430999, -0.144381, -0.0474574, -0.126344, -0.0415314, 1.0603E-009, 1.52826E-010
11, 960.00000, -0.1864, -0.061267, -0.144592, -0.0475229, -0.162435, -0.0533908, 1.90941E-009, -8.39893E-009
11, 1020.00000, -0.186611, -0.0613362, -0.144715, -0.0475658, -0.162436, -0.0533931, 1.91972E-009, -8.4194E-009
11, 1080.00000, -0.187088, -0.0614928, -0.145016, -0.047664, -0.16245, -0.0533946, 1.95657E-009, -8.43302E-009
11, 1140.00000, -0.1874, -0.0615952, -0.145206, -0.0477293, -0.162447, -0.0533959, 1.98798E-009, -8.43723E-009
11, 1200.00000, -0.187166, -0.0615185, -0.145067, -0.0476797, -0.162453, -0.0533938, 1.96284E-009, -8.43373E-009
11, 1260.00000, -0.186662, -0.0613529, -0.18072, -0.0594005, -0.23499, -0.0772378, 3.67809E-009, -2.0473E-008
11, 1320.00000, -0.186487, -0.0612954, -0.180583, -0.059354, -0.234801, -0.0771757, 3.68425E-009, -2.04447E-008
11, 1380.00000, -0.186524, -0.0613076, -0.180611, -0.0593639, -0.234842, -0.0771886, 3.68399E-009, -2.04506E-008
11, 1440.00000, -0.186586, -0.061328, -0.180659, -0.05938, -0.234908, -0.0772104, 3.68126E-009, -2.0461E-008
11, 1500.00000, -0.186448, -0.0612826, -0.180552, -0.059344, -0.23476, -0.0771621, 3.68544E-009, -2.04394E-008
11, 1560.00000, -0.187138, -0.0615091, -0.180784, -0.0594209, -0.162705, -0.0534787, 1.25403E-009, -1.16164E-009
11, 1620.00000, -0.187096, -0.0614955, -0.180752, -0.0594102, -0.162674, -0.0534681, 1.25287E-009, -1.16253E-009
11, 1680.00000, -0.18702, -0.0614706, -0.180693, -0.0593907, -0.162618, -0.0534495, 1.25081E-009, -1.16415E-009
11, 1740.00000, -0.186955, -0.0614492, -0.180642, -0.0593739, -0.16257, -0.0534337, 1.24898E-009, -1.16557E-009
11, 1800.00000, -0.186817, -0.0614038, -0.180534, -0.0593381, -0.162468, -0.0533996, 1.24475E-009, -1.16849E-009
11, 1860.00000, -0.187523, -0.0616359, -0.180707, -0.0593957, -0.180501, -0.0593275, -2.9707E-010, -1.53122E-010
11, 1920.00000, -0.187546, -0.0616434, -0.180725, -0.0594014, -0.1805, -0.0593275, -2.96113E-010, -1.52032E-010
11, 1980.00000, -0.187641, -0.0616745, -0.180797, -0.0594256, -0.180499, -0.0593277, -2.92219E-010, -1.47497E-010
11, 2040.00000, -0.187558, -0.0616473, -0.180734, -0.0594042, -0.180501, -0.0593273, -2.95778E-010, -1.51473E-010
11, 2100.00000, -0.187353, -0.0615799, -0.180576, -0.0593518, -0.180502, -0.059327, -3.04503E-010, -1.61413E-010
11, 2160.00000, -0.223177, -0.0733545, -0.180976, -0.0594842, -0.162451, -0.0533949, 4.47052E-009, -1.65803E-008
11, 2220.00000, -0.223338, -0.0734073, -0.181079, -0.0595178, -0.16244, -0.0533932, 4.49931E-009, -1.66407E-008
11, 2280.00000, -0.223329, -0.0734046, -0.181075, -0.0595165, -0.16245, -0.0533948, 4.49599E-009, -1.66331E-008
11, 2340.00000, -0.22377, -0.0735495, -0.181351, -0.0596074, -0.162452, -0.053395, 4.56906E-009, -1.6785E-008
11, 2400.00000, -0.224445, -0.0737713, -0.181789, -0.0597509, -0.16245, -0.0533946, 4.72238E-009, -1.69704E-008
11, 2460.00000, -0.225415, -0.0740901, -0.146499, -0.0481508, -0.199453, -0.0655567, 1.04753E-008, -2.78287E-008
11, 2520.00000, -0.225504, -0.0741195, -0.146544, -0.0481669, -0.199517, -0.0655783, 1.04806E-008, -2.78474E-008
11, 2580.00000, -0.225296, -0.0740513, -0.146435, -0.0481308, -0.199368, -0.0655284, 1.04694E-008, -2.78049E-008
11, 2640.00000, -0.225367, -0.0740746, -0.146472, -0.0481431, -0.199418, -0.0655457, 1.04735E-008, -2.78201E-008
11, 2700.00000, -0.225146, -0.0740021, -0.146355, -0.0481045, -0.199259, -0.0654926, 1.04617E-008, -2.7775E-008
11, 2760.00000, -0.169645, -0.0557587, -0.16359, -0.0537708, -0.144533, -0.0475062, 9.15005E-010, -2.30076E-009
11, 2820.00000, -0.169244, -0.0556279, -0.163281, -0.0536683, -0.1444, -0.0474621, 8.81039E-010, -2.27857E-009
11, 2880.00000, -0.169532, -0.0557223, -0.163501, -0.0537419, -0.144449, -0.0474812, 9.10387E-010, -2.30417E-009
11, 2940.00000, -0.169691, -0.0557748, -0.163626, -0.053782, -0.144564, -0.0475177, 9.17615E-010, -2.30012E-009
11, 3000.00000, -0.169691, -0.0557748, -0.163627, -0.0537817, -0.144565, -0.0475162, 9.17664E-010, -2.30009E-009
11, 3060.00000, -0.206355, -0.0678253, -0.216857, -0.0712775, -0.109057, -0.0358461, 2.69348E-008, -5.19794E-008
11, 3120.00000, -0.206958, -0.0680237, -0.21737, -0.0714459, -0.10933, -0.0359348, 2.70567E-008, -5.20245E-008
11, 3180.00000, -0.206559, -0.0678925, -0.217031, -0.0713346, -0.10915, -0.0358762, 2.69757E-008, -5.19952E-008
11, 3240.00000, -0.20723, -0.068113, -0.217602, -0.0715224, -0.109455, -0.0359759, 2.70964E-008, -5.20643E-008
11, 3300.00000, -0.207315, -0.0681409, -0.217676, -0.0715466, -0.109495, -0.03599, 2.71029E-008, -5.20838E-008
11, 3360.00000, -0.22696, -0.074598, -0.163696, -0.0538044, -0.162868, -0.0535318, 7.0851E-009, -2.20321E-008
11, 3420.00000, -0.226895, -0.0745765, -0.163658, -0.0537918, -0.162828, -0.0535186, 7.0766E-009, -2.20286E-008
11, 3480.00000, -0.227071, -0.0746345, -0.163758, -0.0538253, -0.162934, -0.0535551, 7.10035E-009, -2.20384E-008
11, 3540.00000, -0.227591, -0.0748054, -0.164059, -0.0539235, -0.163249, -0.0536571, 7.16249E-009, -2.20684E-008
12, 0.00000, -0.227651, -0.0748251, -0.164094, -0.0539352, -0.163284, -0.0536692, 7.16899E-009, -2.20726E-008
12, 60.00000, -0.188852, -0.0620727, -0.181145, -0.0595393, -0.1805, -0.0593273, -1.21395E-009, -7.62208E-010
12, 120.00000, -0.18902, -0.0621279, -0.181271, -0.0595816, -0.180499, -0.0593281, -1.20679E-009, -7.62655E-010
12, 180.00000, -0.189072, -0.062145, -0.181311, -0.0595944, -0.1805, -0.0593277, -1.2049E-009, -7.62657E-010
12, 240.00000, -0.189224, -0.0621949, -0.181426, -0.0596324, -0.180499, -0.059328, -1.1984E-009, -7.63146E-010
12, 300.00000, -0.18895, -0.0621048, -0.181221, -0.0595635, -0.180501, -0.0593265, -1.21053E-009, -7.62102E-010
12, 360.00000, -0.150292, -0.0493982, -0.181952, -0.0598049, -0.181442, -0.059637, 2.72805E-009, -5.60368E-009
12, 420.00000, -0.150245, -0.0493832, -0.181907, -0.0597899, -0.181394, -0.0596211, 2.73155E-009, -5.59947E-009
12, 480.00000, -0.150266, -0.0493902, -0.181928, -0.0597967, -0.181416, -0.0596286, 2.7298E-009, -5.60135E-009
12, 540.00000, -0.150461, -0.049454, -0.182115, -0.059859, -0.181614, -0.0596947, 2.71513E-009, -5.61801E-009
12, 600.00000, -0.150509, -0.0494698, -0.182163, -0.0598742, -0.181663, -0.0597099, 2.71206E-009, -5.6218E-009
12, 660.00000, -0.169443, -0.0556933, -0.146085, -0.0480156, -0.198572, -0.0652673, 1.61552E-009, -1.73569E-008
12, 720.00000, -0.169514, -0.0557167, -0.146134, -0.048032, -0.19864, -0.0652899, 1.60645E-009, -1.7375E-008
12, 780.00000, -0.16962, -0.0557517, -0.146208, -0.0480564, -0.198742, -0.0653235, 1.59354E-009, -1.74005E-008
12, 840.00000, -0.169187, -0.0556094, -0.145904, -0.0479567, -0.198549, -0.0652598, 1.6791E-009, -1.7428E-008
12, 900.00000, -0.16934, -0.0556596, -0.146011, -0.0479919, -0.198546, -0.0652592, 1.63853E-009, -1.73769E-008
12, 960.00000, -0.169284, -0.0556411, -0.181184, -0.0595529, -0.180793, -0.0594234, -3.99527E-010, -1.51758E-009
12, 1020.00000, -0.169458, -0.055698, -0.18133, -0.0596008, -0.180948, -0.0594757, -4.09063E-010, -1.52247E-009
12, 1080.00000, -0.169311, -0.05565, -0.181207, -0.0595594, -0.180816, -0.0594305, -4.01144E-010, -1.51792E-009
12, 1140.00000, -0.169229, -0.0556229, -0.181136, -0.0595364, -0.180741, -0.0594063, -3.96926E-010, -1.5157E-009
12, 1200.00000, -0.169229, -0.055623, -0.181136, -0.0595366, -0.180742, -0.0594069, -3.97022E-010, -1.51584E-009
12, 1260.00000, -0.167745, -0.0551361, -0.218947, -0.0719644, -0.16306, -0.0535947, 8.36173E-009, -1.31189E-008
12, 1320.00000, -0.167568, -0.0550766, -0.218757, -0.0719019, -0.162922, -0.0535484, 8.34955E-009, -1.31268E-008
12, 1380.00000, -0.167371, -0.0550119, -0.218545, -0.0718322, -0.162764, -0.0534965, 8.33938E-009, -1.31316E-008
12, 1440.00000, -0.167346, -0.0550038, -0.218516, -0.0718228, -0.162741, -0.0534904, 8.33903E-009, -1.31299E-008
12, 1500.00000, -0.167216, -0.054961, -0.218375, -0.0717764, -0.162635, -0.0534546, 8.33935E-009, -1.31211E-008
12, 1560.00000, -0.169001, -0.0555482, -0.144806, -0.047595, -0.198548, -0.0652596, 2.4641E-009, -1.73593E-008
12, 1620.00000, -0.168819, -0.0554882, -0.144683, -0.0475536, -0.198551, -0.06526, 2.49738E-009, -1.74357E-008
12, 1680.00000, -0.168518, -0.0553893, -0.144483, -0.0474878, -0.19856, -0.0652624, 2.54953E-009, -1.75635E-008
12, 1740.00000, -0.168418, -0.0553563, -0.144414, -0.0474664, -0.198557, -0.065262, 2.56388E-009, -1.76061E-008
12, 1800.00000, -0.168465, -0.0553718, -0.144442, -0.0474757, -0.198547, -0.0652593, 2.55707E-009, -1.75811E-008
12, 1860.00000, -0.187868, -0.0617493, -0.144479, -0.0474885, -0.2166, -0.071193, 5.56181E-009, -2.93849E-008
12, 1920.00000, -0.188141, -0.0618391, -0.144644, -0.0475443, -0.216599, -0.0711926, 5.51438E-009, -2.92595E-008
12, 1980.00000, -0.188472, -0.0619478, -0.144847, -0.0476113, -0.216599, -0.0711926, 5.45435E-009, -2.91108E-008
12, 2040.00000, -0.188426, -0.0619328, -0.144823, -0.0476009, -0.2166, -0.0711929, 5.4593E-009, -2.91314E-008
12, 2100.00000, -0.188483, -0.0619514, -0.144857, -0.0476126, -0.2166, -0.0711928, 5.44985E-009, -2.91059E-008
12, 2160.00000, -0.131405, -0.0431915, -0.199091, -0.0654381, -0.126886, -0.0417035, 1.35139E-008, -2.4853E-008
12, 2220.00000, -0.131589, -0.0432508, -0.19931, -0.0655103, -0.127033, -0.0417569, 1.35118E-008, -2.48734E-008
12, 2280.00000, -0.131445, -0.043204, -0.199138, -0.0654531, -0.126918, -0.0417134, 1.35147E-008, -2.48564E-008
12, 2340.00000, -0.13131, -0.0431596, -0.198974, -0.0653991, -0.126807, -0.0416772, 1.35128E-008, -2.48398E-008
12, 2400.00000, -0.131215, -0.0431283, -0.198858, -0.0653611, -0.126729, -0.0416521, 1.35108E-008, -2.4828E-008
12, 2460.00000, -0.149866, -0.0492585, -0.199916, -0.065709, -0.1805, -0.0593275, 5.67327E-009, -9.61557E-009
12, 2520.00000, -0.150353, -0.0494184, -0.200439, -0.0658808, -0.180907, -0.059461, 5.63423E-009, -9.65669E-009
12, 2580.00000, -0.150789, -0.0495617, -0.200914, -0.0660371, -0.181338, -0.0596028, 5.61569E-009, -9.67503E-009
12, 2640.00000, -0.150627, -0.0495086, -0.200739, -0.0659795, -0.18118, -0.05955, 5.62319E-009, -9.66858E-009
12, 2700.00000, -0.150622, -0.0495072, -0.200732, -0.0659774, -0.181173, -0.0595487, 5.62279E-009, -9.66806E-009
12, 2760.00000, -0.15041, -0.049438, -0.181465, -0.0596449, -0.182372, -0.0599423, 2.3486E-009, -6.2875E-009
12, 2820.00000, -0.150198, -0.0493679, -0.181255, -0.0595746, -0.182146, -0.0598674, 2.35892E-009, -6.27272E-009
12, 2880.00000, -0.149388, -0.049102, -0.180497, -0.0593269, -0.18131, -0.059594, 2.42478E-009, -6.2052E-009
12, 2940.00000, -0.149234, -0.0490508, -0.180509, -0.0593298, -0.181151, -0.0595405, 2.45441E-009, -6.20974E-009
12, 3000.00000, -0.149343, -0.0490869, -0.180494, -0.0593257, -0.181263, -0.0595789, 2.43233E-009, -6.2058E-009
12, 3060.00000, -0.186012, -0.0611395, -0.198555, -0.0652621, -0.252708, -0.0830618, 5.19721E-009, -2.94541E-008
12, 3120.00000, -0.186315, -0.061239, -0.198553, -0.0652612, -0.252705, -0.0830604, 5.13549E-009, -2.92944E-008
12, 3180.00000, -0.187009, -0.0614669, -0.198762, -0.0653296, -0.252701, -0.0830589, 4.96892E-009, -2.88704E-008
12, 3240.00000, -0.187832, -0.0617375, -0.199462, -0.0655599, -0.2527, -0.0830586, 4.67007E-009, -2.83113E-008
12, 3300.00000, -0.18852, -0.0619634, -0.200045, -0.0657513, -0.253133, -0.0832008, 4.52226E-009, -2.81959E-008
12, 3360.00000, -0.226654, -0.0744974, -0.198903, -0.065376, -0.144768, -0.0475833, 1.23569E-008, -2.34059E-008
12, 3420.00000, -0.226582, -0.0744738, -0.198852, -0.0653595, -0.144729, -0.0475697, 1.23464E-008, -2.34053E-008
12, 3480.00000, -0.226391, -0.0744109, -0.198718, -0.0653154, -0.144625, -0.0475346, 1.23204E-008, -2.34039E-008
12, 3540.00000, -0.226628, -0.0744888, -0.198883, -0.0653702, -0.144753, -0.0475801, 1.2353E-008, -2.34059E-008
13, 0.00000, -0.225951, -0.0742662, -0.198548, -0.0652599, -0.144399, -0.0474621, 1.22759E-008, -2.33939E-008
13, 60.00000, -0.168624, -0.0554239, -0.234649, -0.0771253, -0.216601, -0.0711933, 1.04504E-008, -1.77753E-008
13, 120.00000, -0.16864, -0.0554294, -0.234649, -0.0771252, -0.2166, -0.071193, 1.04428E-008, -1.77667E-008
13, 180.00000, -0.1684, -0.0553506, -0.234664, -0.0771305, -0.216602, -0.0711937, 1.05566E-008, -1.78936E-008
13, 240.00000, -0.168568, -0.0554057, -0.23464, -0.0771222, -0.216599, -0.0711926, 1.04726E-008, -1.78006E-008
13, 300.00000, -0.168693, -0.0554468, -0.234643, -0.077123, -0.216599, -0.0711928, 1.04167E-008, -1.77377E-008
13, 360.00000, -0.224415, -0.0737616, -0.18166, -0.0597089, -0.199021, -0.065415, 2.50976E-009, -7.92186E-009
13, 420.00000, -0.223856, -0.073578, -0.181293, -0.0595886, -0.198602, -0.0652773, 2.47359E-009, -7.90659E-009
13, 480.00000, -0.223669, -0.0735164, -0.181171, -0.0595476, -0.198551, -0.0652601, 2.4571E-009, -7.90573E-009
13, 540.00000, -0.223916, -0.0735975, -0.181331, -0.0596015, -0.198646, -0.0652924, 2.47877E-009, -7.90667E-009
13, 600.00000, -0.223752, -0.0735435, -0.181226, -0.0595655, -0.198551, -0.0652602, 2.46447E-009, -7.90618E-009
13, 660.00000, -0.223313, -0.0733992, -0.217903, -0.0716214, -0.216602, -0.0711936, -7.30806E-010, -4.69934E-010
13, 720.00000, -0.223042, -0.0733105, -0.217696, -0.0715532, -0.216617, -0.0711985, -7.2838E-010, -4.59509E-010
13, 780.00000, -0.223141, -0.0733427, -0.21777, -0.0715774, -0.216594, -0.071191, -7.29488E-010, -4.63796E-010
13, 840.00000, -0.223591, -0.0734907, -0.218112, -0.0716898, -0.216603, -0.0711938, -7.33111E-010, -4.81292E-010
13, 900.00000, -0.223411, -0.0734315, -0.217977, -0.0716456, -0.21661, -0.0711961, -7.3167E-010, -4.73719E-010
13, 960.00000, -0.186533, -0.0613102, -0.199485, -0.065568, -0.144501, -0.0474932, 6.35895E-009, -1.09372E-008
13, 1020.00000, -0.186124, -0.0611758, -0.19913, -0.0654511, -0.1444, -0.0474622, 6.28783E-009, -1.08586E-008
13, 1080.00000, -0.186748, -0.0613809, -0.199669, -0.065628, -0.144639, -0.0475403, 6.37469E-009, -1.09352E-008
13, 1140.00000, -0.186773, -0.0613893, -0.199691, -0.0656353, -0.144656, -0.0475464, 6.37608E-009, -1.09352E-008
13, 1200.00000, -0.186523, -0.0613072, -0.199477, -0.0655644, -0.144493, -0.04749, 6.3602E-009, -1.09367E-008
13, 1260.00000, -0.187062, -0.0614843, -0.162537, -0.053423, -0.144399, -0.0474618, 2.52546E-009, -6.75337E-009
13, 1320.00000, -0.187186, -0.061525, -0.162622, -0.0534521, -0.144399, -0.0474629, 2.54924E-009, -6.77283E-009
13, 1380.00000, -0.187017, -0.0614695, -0.162506, -0.0534123, -0.144401, -0.0474608, 2.51658E-009, -6.74494E-009
13, 1440.00000, -0.186759, -0.0613847, -0.162462, -0.0533973, -0.144402, -0.0474604, 2.47124E-009, -6.68884E-009
13, 1500.00000, -0.18696, -0.0614507, -0.162463, -0.0534, -0.144398, -0.0474632, 2.50682E-009, -6.73613E-009
13, 1560.00000, -0.185718, -0.0610427, -0.14512, -0.0476991, -0.216603, -0.0711938, 7.13455E-009, -2.65283E-008
13, 1620.00000, -0.185642, -0.0610175, -0.145073, -0.0476832, -0.216606, -0.0711947, 7.14854E-009, -2.65635E-008
13, 1680.00000, -0.186053, -0.0611528, -0.145334, -0.0477685, -0.216601, -0.0711931, 7.07019E-009, -2.6372E-008
13, 1740.00000, -0.186079, -0.0611613, -0.145349, -0.0477741, -0.2166, -0.0711928, 7.06548E-009, -2.63598E-008
13, 1800.00000, -0.185942, -0.0611162, -0.145262, -0.0477445, -0.216601, -0.0711932, 7.09145E-009, -2.64261E-008
13, 1860.00000, -0.149385, -0.0491001, -0.216599, -0.0711925, -0.144548, -0.0475112, 1.42027E-008, -2.38581E-008
13, 1920.00000, -0.149388, -0.0491016, -0.2166, -0.0711928, -0.144552, -0.047512, 1.42014E-008, -2.38564E-008
13, 1980.00000, -0.149354, -0.0490904, -0.216602, -0.0711936, -0.144524, -0.0475024, 1.42185E-008, -2.38827E-008
13, 2040.00000, -0.149202, -0.0490407, -0.216615, -0.0711979, -0.144399, -0.04746, 1.42915E-008, -2.4006E-008
13, 2100.00000, -0.148991, -0.0489721, -0.216629, -0.0712024, -0.144394, -0.0474575, 1.43489E-008, -2.41193E-008
13, 2160.00000, -0.167574, -0.0550792, -0.144405, -0.0474643, -0.198558, -0.0652622, 2.19938E-009, -1.81709E-008
13, 2220.00000, -0.167585, -0.0550826, -0.144399, -0.0474617, -0.198548, -0.0652597, 2.19862E-009, -1.81682E-008
13, 2280.00000, -0.167505, -0.0550563, -0.144407, -0.047465, -0.198564, -0.065264, 2.20208E-009, -1.81803E-008
13, 2340.00000, -0.167802, -0.0551537, -0.144404, -0.047464, -0.198559, -0.0652627, 2.19444E-009, -1.8151E-008
13, 2400.00000, -0.168093, -0.0552494, -0.144489, -0.0474919, -0.198558, -0.0652625, 2.17611E-009, -1.80795E-008
13, 2460.00000, -0.186772, -0.0613894, -0.198557, -0.0652625, -0.216604, -0.0711942, 8.85154E-010, -5.93454E-009
13, 2520.00000, -0.186886, -0.0614266, -0.198545, -0.0652586, -0.216599, -0.0711926, 8.66981E-010, -5.91116E-009
13, 2580.00000, -0.186681, -0.0613591, -0.19856, -0.065263, -0.216602, -0.0711936, 8.98819E-010, -5.95288E-009
13, 2640.00000, -0.1866, -0.0613324, -0.198554, -0.0652613, -0.216601, -0.0711932, 9.11277E-010, -5.96973E-009
13, 2700.00000, -0.186222, -0.0612082, -0.198548, -0.0652594, -0.216598, -0.0711922, 9.5733E-010, -6.06271E-009
13, 2760.00000, -0.166773, -0.0548159, -0.198555, -0.0652621, -0.198556, -0.0652619, 3.04376E-009, -5.6086E-009
13, 2820.00000, -0.167099, -0.0549228, -0.198556, -0.0652623, -0.198561, -0.0652632, 2.98289E-009, -5.49334E-009
13, 2880.00000, -0.167089, -0.0549196, -0.198551, -0.0652606, -0.198552, -0.0652609, 2.98355E-009, -5.4942E-009
13, 2940.00000, -0.166544, -0.0547401, -0.198536, -0.0652556, -0.198537, -0.0652567, 3.08777E-009, -5.67891E-009
13, 3000.00000, -0.166582, -0.0547529, -0.198544, -0.0652581, -0.198544, -0.0652587, 3.0809E-009, -5.66888E-009
13, 3060.00000, -0.240416, -0.0790205, -0.198558, -0.0652634, -0.216612, -0.0711969, -8.39011E-010, -1.09578E-008
13, 3120.00000, -0.239308, -0.0786565, -0.198559, -0.0652635, -0.216608, -0.0711957, -8.85268E-010, -1.05037E-008
13, 3180.00000, -0.239665, -0.0787737, -0.19856, -0.0652637, -0.216611, -0.0711967, -8.74373E-010, -1.06476E-008
13, 3240.00000, -0.240769, -0.0791369, -0.198567, -0.0652666, -0.216629, -0.0712026, -8.21706E-010, -1.11009E-008
13, 3300.00000, -0.240271, -0.0789732, -0.19854, -0.0652566, -0.216581, -0.0711867, -8.46037E-010, -1.09069E-008
13, 3360.00000, -0.16555, -0.0544132, -0.198544, -0.0652582, -0.144396, -0.0474618, 6.06692E-009, -9.90235E-009
13, 3420.00000, -0.165572, -0.0544208, -0.198545, -0.0652587, -0.144396, -0.0474618, 6.06538E-009, -9.89908E-009
13, 3480.00000, -0.165585, -0.054425, -0.198547, -0.0652593, -0.144398, -0.0474619, 6.06469E-009, -9.89742E-009
13, 3540.00000, -0.165603, -0.0544309, -0.198546, -0.065259, -0.144397, -0.0474618, 6.06318E-009, -9.89423E-009
14, 0.00000, -0.165405, -0.0543654, -0.198538, -0.0652565, -0.144398, -0.0474629, 6.07581E-009, -9.92428E-009
14, 60.00000, -0.164964, -0.0542207, -0.216588, -0.0711889, -0.180492, -0.0593261, 6.90668E-009, -9.34131E-009
14, 120.00000, -0.164423, -0.0540421, -0.21657, -0.0711828, -0.180505, -0.0593303, 7.00577E-009, -9.57504E-009
14, 180.00000, -0.164841, -0.0541816, -0.216623, -0.0712006, -0.180493, -0.0593246, 6.94193E-009, -9.4063E-009
14, 240.00000, -0.164547, -0.0540832, -0.216584, -0.0711877, -0.180504, -0.0593294, 6.9893E-009, -9.51811E-009
14, 300.00000, -0.164656, -0.0541192, -0.216571, -0.0711834, -0.180493, -0.059327, 6.96414E-009, -9.46614E-009
14, 360.00000, -0.183691, -0.0603759, -0.216586, -0.0711882, -0.180496, -0.0593272, 3.93519E-009, -4.68757E-009
14, 420.00000, -0.183504, -0.0603146, -0.216585, -0.0711878, -0.180493, -0.0593264, 3.95063E-009, -4.73622E-009
14, 480.00000, -0.18311, -0.0601847, -0.216567, -0.0711821, -0.180486, -0.0593252, 3.98064E-009, -4.83571E-009
14, 540.00000, -0.183096, -0.0601806, -0.216602, -0.0711934, -0.180504, -0.0593285, 3.987E-009, -4.84934E-009
14, 600.00000, -0.183228, -0.0602239, -0.216564, -0.0711812, -0.180474, -0.0593219, 3.97166E-009, -4.80385E-009
14, 660.00000, -0.218982, -0.0719769, -0.18047, -0.0593191, -0.180505, -0.0593305, 2.34296E-009, -8.06406E-009
14, 720.00000, -0.219213, -0.0720514, -0.180509, -0.0593297, -0.180496, -0.0593261, 2.37267E-009, -8.13519E-009
14, 780.00000, -0.21865, -0.0718674, -0.180472, -0.0593207, -0.180514, -0.0593325, 2.2954E-009, -7.95222E-009
14, 840.00000, -0.218156, -0.0717051, -0.180472, -0.0593206, -0.180512, -0.0593318, 2.25942E-009, -7.75997E-009
14, 900.00000, -0.217917, -0.0716261, -0.180485, -0.0593237, -0.180504, -0.0593292, 2.24695E-009, -7.65892E-009
14, 960.00000, -0.182848, -0.0600988, -0.198535, -0.0652553, -0.162446, -0.053395, 2.61657E-009, -3.68725E-009
14, 1020.00000, -0.182993, -0.0601472, -0.198561, -0.0652636, -0.162453, -0.0533947, 2.61425E-009, -3.6884E-009
14, 1080.00000, -0.182843, -0.0600973, -0.198538, -0.0652565, -0.162446, -0.0533946, 2.61742E-009, -3.68837E-009
14, 1140.00000, -0.182161, -0.0598736, -0.198565, -0.0652649, -0.162451, -0.0533939, 2.65036E-009, -3.71643E-009
14, 1200.00000, -0.182015, -0.0598254, -0.198585, -0.0652718, -0.16248, -0.0533997, 2.65775E-009, -3.72341E-009
14, 1260.00000, -0.199949, -0.0657201, -0.2166, -0.071193, -0.216589, -0.0711892, 1.16096E-009, -1.26647E-009
14, 1320.00000, -0.199821, -0.0656779, -0.216634, -0.0712041, -0.216622, -0.0712005, 1.17995E-009, -1.29531E-009
14, 1380.00000, -0.19994, -0.0657171, -0.21657, -0.0711832, -0.216577, -0.0711852, 1.15897E-009, -1.26674E-009
14, 1440.00000, -0.200414, -0.0658729, -0.21659, -0.0711897, -0.216602, -0.0711936, 1.10731E-009, -1.18474E-009
14, 1500.00000, -0.200464, -0.0658895, -0.216588, -0.071189, -0.216591, -0.07119, 1.10096E-009, -1.17469E-009
14, 1560.00000, -0.235966, -0.0775586, -0.198538, -0.065256, -0.180488, -0.0593249, 3.80482E-009, -1.31638E-008
14, 1620.00000, -0.235779, -0.0774972, -0.198536, -0.0652561, -0.180497, -0.0593274, 3.79069E-009, -1.30699E-008
14, 1680.00000, -0.235294, -0.0773365, -0.19856, -0.0652632, -0.180495, -0.0593257, 3.75584E-009, -1.28381E-008
14, 1740.00000, -0.234657, -0.0771268, -0.198564, -0.0652644, -0.180489, -0.059324, 3.71862E-009, -1.25412E-008
14, 1800.00000, -0.23465, -0.0771254, -0.198559, -0.0652633, -0.180502, -0.0593278, 3.72099E-009, -1.25351E-008
14, 1860.00000, -0.162748, -0.0534935, -0.18052, -0.0593352, -0.234674, -0.0771353, 9.87391E-009, -2.7395E-008
14, 1920.00000, -0.163016, -0.05358, -0.180488, -0.0593252, -0.234668, -0.0771317, 9.78128E-009, -2.72879E-008
14, 1980.00000, -0.162854, -0.0535262, -0.180473, -0.0593202, -0.234661, -0.0771288, 9.83191E-009, -2.73626E-008
14, 2040.00000, -0.162647, -0.0534601, -0.18051, -0.0593293, -0.234636, -0.0771207, 9.89556E-009, -2.74171E-008
14, 2100.00000, -0.162504, -0.0534115, -0.180479, -0.0593219, -0.23466, -0.0771287, 9.94839E-009, -2.75155E-008
14, 2160.00000, -0.234664, -0.0771312, -0.180477, -0.0593198, -0.162439, -0.0533942, 6.69309E-009, -2.648E-008
14, 2220.00000, -0.234662, -0.0771285, -0.180513, -0.05933, -0.162434, -0.0533901, 6.7403E-009, -2.65299E-008
14, 2280.00000, -0.234654, -0.0771269, -0.180493, -0.0593253, -0.162445, -0.0533941, 6.73774E-009, -2.6515E-008
14, 2340.00000, -0.23467, -0.0771304, -0.18052, -0.0593316, -0.162424, -0.0533874, 6.80256E-009, -2.66431E-008
14, 2400.00000, -0.234654, -0.0771274, -0.180476, -0.05932, -0.162437, -0.0533932, 6.79864E-009, -2.6614E-008
14, 2460.00000, -0.252695, -0.0830536, -0.144428, -0.047469, -0.198545, -0.0652578, 1.81144E-008, -5.39256E-008
14, 2520.00000, -0.252714, -0.0830617, -0.144411, -0.0474621, -0.198532, -0.0652544, 1.82176E-008, -5.3993E-008
14, 2580.00000, -0.252687, -0.0830557, -0.144388, -0.0474618, -0.198567, -0.0652654, 1.81377E-008, -5.39416E-008
14, 2640.00000, -0.252713, -0.0830613, -0.144412, -0.0474624, -0.198533, -0.0652546, 1.82189E-008, -5.39917E-008
14, 2700.00000, -0.252696, -0.0830581, -0.144388, -0.0474602, -0.198555, -0.0652617, 1.82523E-008, -5.39927E-008
14, 2760.00000, -0.180488, -0.0593236, -0.144401, -0.0474646, -0.198565, -0.0652646, 5.35922E-009, -1.48098E-008
14, 2820.00000, -0.180511, -0.0593313, -0.14441, -0.047462, -0.198535, -0.0652553, 5.38138E-009, -1.4772E-008
14, 2880.00000, -0.180496, -0.0593262, -0.14439, -0.0474604, -0.198551, -0.0652605, 5.40051E-009, -1.4777E-008
14, 2940.00000, -0.180494, -0.0593255, -0.144393, -0.0474618, -0.198559, -0.0652629, 5.38084E-009, -1.47942E-008
14, 3000.00000, -0.180498, -0.0593266, -0.144387, -0.0474597, -0.198553, -0.0652614, 5.39034E-009, -1.47885E-008
14, 3060.00000, -0.198568, -0.0652663, -0.144387, -0.0474565, -0.180491, -0.0593261, 4.52579E-009, -1.44382E-008
14, 3120.00000, -0.198547, -0.0652591, -0.14439, -0.0474599, -0.180496, -0.0593264, 4.52644E-009, -1.44348E-008
14, 3180.00000, -0.198554, -0.0652614, -0.144404, -0.0474624, -0.180498, -0.0593266, 4.52842E-009, -1.44485E-008
14, 3240.00000, -0.198545, -0.0652587, -0.144391, -0.04746, -0.180493, -0.0593257, 4.52931E-009, -1.44477E-008
14, 3300.00000, -0.198545, -0.0652586, -0.144389, -0.0474599, -0.180497, -0.059327, 4.53318E-009, -1.44604E-008
14, 3360.00000, -0.234673, -0.077133, -0.198548, -0.065259, -0.180479, -0.0593222, 4.89402E-009, -1.277E-008
14, 3420.00000, -0.234652, -0.0771263, -0.198552, -0.065261, -0.180501, -0.0593278, 4.88869E-009, -1.27731E-008
14, 3480.00000, -0.234646, -0.0771243, -0.198546, -0.0652591, -0.180501, -0.0593277, 4.88623E-009, -1.27361E-008
14, 3540.00000, -0.234645, -0.0771239, -0.198543, -0.0652581, -0.180497, -0.0593267, 4.88752E-009, -1.27514E-008
15, 0.00000, -0.234643, -0.077123, -0.19854, -0.0652572, -0.180495, -0.0593263, 4.88863E-009, -1.27711E-008
15, 60.00000, -0.234673, -0.0771333, -0.180496, -0.0593249, -0.216579, -0.0711855, 2.64901E-009, -1.6679E-008
15, 120.00000, -0.234646, -0.0771246, -0.180488, -0.0593241, -0.216596, -0.0711915, 2.65116E-009, -1.66663E-008
15, 180.00000, -0.234637, -0.0771207, -0.180487, -0.0593241, -0.21659, -0.0711895, 2.64968E-009, -1.66571E-008
15, 240.00000, -0.234656, -0.0771279, -0.180505, -0.0593286, -0.216601, -0.0711933, 2.65349E-009, -1.66956E-008
15, 300.00000, -0.234654, -0.0771274, -0.1805, -0.0593275, -0.216605, -0.0711945, 2.65748E-009, -1.67179E-008
15, 360.00000, -0.198528, -0.0652531, -0.144402, -0.0474664, -0.216622, -0.0712004, 8.30302E-009, -2.90194E-008
15, 420.00000, -0.198556, -0.0652625, -0.144399, -0.047462, -0.21661, -0.0711963, 8.29328E-009, -2.90201E-008
15, 480.00000, -0.198539, -0.0652566, -0.144396, -0.0474615, -0.216588, -0.0711889, 8.29812E-009, -2.90222E-008
15, 540.00000, -0.198554, -0.0652617, -0.144399, -0.0474618, -0.216609, -0.0711956, 8.31858E-009, -2.9065E-008
15, 600.00000, -0.198551, -0.0652606, -0.1444, -0.0474618, -0.216596, -0.0711915, 8.3356E-009, -2.90941E-008
15, 660.00000, -0.162466, -0.0533996, -0.19854, -0.0652567, -0.234639, -0.0771207, 8.2232E-009, -2.70009E-008
15, 720.00000, -0.162442, -0.053393, -0.198549, -0.0652597, -0.234637, -0.077121, 8.24303E-009, -2.70142E-008
15, 780.00000, -0.162469, -0.0534001, -0.198562, -0.0652639, -0.234665, -0.0771311, 8.24571E-009, -2.70226E-008
15, 840.00000, -0.162453, -0.0533952, -0.198548, -0.0652597, -0.234664, -0.0771306, 8.2819E-009, -2.7052E-008
15, 900.00000, -0.162435, -0.0533911, -0.198545, -0.0652586, -0.234632, -0.0771194, 8.30089E-009, -2.70454E-008
15, 960.00000, -0.18052, -0.0593336, -0.162433, -0.0533885, -0.198544, -0.0652588, 1.56961E-010, -9.16179E-009
15, 1020.00000, -0.180511, -0.059331, -0.162452, -0.0533947, -0.198556, -0.0652621, 1.57279E-010, -9.15308E-009
15, 1080.00000, -0.180487, -0.0593236, -0.162447, -0.0533942, -0.198535, -0.0652553, 1.60756E-010, -9.14816E-009
15, 1140.00000, -0.180488, -0.0593239, -0.162448, -0.0533946, -0.198539, -0.0652566, 1.63657E-010, -9.15184E-009
15, 1200.00000, -0.180514, -0.0593318, -0.162458, -0.0533964, -0.198559, -0.0652629, 1.63484E-010, -9.1581E-009
15, 1260.00000, -0.180517, -0.0593336, -0.180513, -0.0593293, -0.16242, -0.0533868, 6.25608E-010, -1.72622E-009
15, 1320.00000, -0.18049, -0.0593245, -0.180502, -0.0593281, -0.162439, -0.0533912, 6.21886E-010, -1.72322E-009
15, 1380.00000, -0.180521, -0.0593339, -0.180513, -0.0593307, -0.162463, -0.0533982, 6.21646E-010, -1.72336E-009
15, 1440.00000, -0.180502, -0.0593279, -0.1805, -0.0593274, -0.162452, -0.0533955, 6.21081E-010, -1.72259E-009
15, 1500.00000, -0.180486, -0.0593231, -0.180496, -0.0593266, -0.162436, -0.0533906, 6.19866E-010, -1.73063E-009
15, 1560.00000, -0.198572, -0.065268, -0.19852, -0.0652506, -0.216605, -0.0711939, 8.88063E-010, -2.26071E-009
15, 1620.00000, -0.198541, -0.0652571, -0.198546, -0.0652588, -0.216583, -0.0711872, 8.91251E-010, -2.2489E-009
15, 1680.00000, -0.198571, -0.0652676, -0.198561, -0.0652637, -0.216615, -0.0711981, 8.92041E-010, -2.25141E-009
15, 1740.00000, -0.198531, -0.0652535, -0.198546, -0.0652589, -0.216577, -0.0711853, 8.9554E-010, -2.24288E-009
15, 1800.00000, -0.19854, -0.0652567, -0.198549, -0.0652601, -0.216591, -0.0711899, 8.97391E-010, -2.24319E-009
15, 1860.00000, -0.198542, -0.0652577, -0.198552, -0.0652609, -0.198557, -0.0652625, -2.12549E-010, -8.14206E-011
15, 1920.00000, -0.198552, -0.0652612, -0.198549, -0.06526, -0.198558, -0.0652629, -2.11183E-010, -8.0417E-011
15, 1980.00000, -0.198534, -0.0652547, -0.198541, -0.0652576, -0.198539, -0.0652566, -2.10943E-010, -8.00116E-011
15, 2040.00000, -0.198538, -0.0652559, -0.198547, -0.0652595, -0.198538, -0.0652564, -2.09775E-010, -7.9059E-011
15, 2100.00000, -0.198535, -0.0652548, -0.198547, -0.0652595, -0.198535, -0.0652554, -2.08437E-010, -7.82308E-011
15, 2160.00000, -0.198567, -0.0652664, -0.234626, -0.0771177, -0.180502, -0.0593294, 8.14328E-009, -8.88885E-009
15, 2220.00000, -0.198545, -0.0652583, -0.234647, -0.0771247, -0.18049, -0.0593246, 8.15619E-009, -8.91558E-009
15, 2280.00000, -0.198537, -0.0652556, -0.234648, -0.0771248, -0.180487, -0.0593236, 8.1641E-009, -8.93119E-009
15, 2340.00000, -0.198534, -0.0652543, -0.234637, -0.0771209, -0.180484, -0.0593229, 8.15983E-009, -8.92391E-009
15, 2400.00000, -0.198541, -0.0652569, -0.234649, -0.077125, -0.180491, -0.0593249, 8.16598E-009, -8.93448E-009
15, 2460.00000, -0.180501, -0.0593279, -0.216597, -0.0711919, -0.180501, -0.059328, 3.70315E-009, -7.3619E-009
15, 2520.00000, -0.180517, -0.0593327, -0.216612, -0.0711971, -0.180514, -0.0593318, 3.70452E-009, -7.36403E-009
15, 2580.00000, -0.180494, -0.0593257, -0.216599, -0.0711925, -0.180493, -0.0593253, 3.70781E-009, -7.37164E-009
15, 2640.00000, -0.180511, -0.0593311, -0.216607, -0.0711955, -0.180508, -0.0593299, 3.70727E-009, -7.36966E-009
15, 2700.00000, -0.180492, -0.059325, -0.216599, -0.0711924, -0.180491, -0.0593246, 3.71125E-009, -7.37906E-009
15, 2760.00000, -0.198552, -0.0652615, -0.162435, -0.0533913, -0.198563, -0.0652646, 3.08199E-009, -8.48409E-009
15, 2820.00000, -0.198544, -0.0652583, -0.162451, -0.0533954, -0.198551, -0.0652606, 3.07766E-009, -8.47318E-009
15, 2880.00000, -0.198536, -0.065255, -0.162447, -0.0533944, -0.198537, -0.0652558, 3.08037E-009, -8.47822E-009
15, 2940.00000, -0.19857, -0.0652673, -0.162462, -0.0533971, -0.198563, -0.0652642, 3.08347E-009, -8.48869E-009
15, 3000.00000, -0.198558, -0.0652631, -0.162452, -0.053395, -0.198557, -0.0652623, 3.08174E-009, -8.48409E-009
15, 3060.00000, -0.180512, -0.0593314, -0.180499, -0.0593263, -0.216587, -0.0711881, 2.38909E-009, -1.04369E-008
15, 3120.00000, -0.180486, -0.0593233, -0.180498, -0.059327, -0.216582, -0.0711867, 2.40118E-009, -1.04382E-008
15, 3180.00000, -0.180492, -0.059325, -0.180499, -0.0593274, -0.216592, -0.0711903, 2.40614E-009, -1.04427E-008
15, 3240.00000, -0.180484, -0.0593225, -0.180497, -0.0593268, -0.216582, -0.071187, 2.41552E-009, -1.04405E-008
15, 3300.00000, -0.180507, -0.0593298, -0.180503, -0.0593282, -0.216602, -0.0711936, 2.41527E-009, -1.04456E-008
15, 3360.00000, -0.198561, -0.0652641, -0.198542, -0.0652577, -0.198545, -0.0652586, -3.30149E-010, -8.55932E-011
15, 3420.00000, -0.198533, -0.0652542, -0.198536, -0.065256, -0.198539, -0.0652566, -3.29406E-010, -8.58215E-011
15, 3480.00000, -0.198539, -0.0652563, -0.198548, -0.0652595, -0.198539, -0.0652567, -3.28405E-010, -8.45332E-011
15, 3540.00000, -0.198541, -0.0652568, -0.198549, -0.0652599, -0.198541, -0.0652572, -3.27866E-010, -8.41554E-011
16, 0.00000, -0.198537, -0.0652552, -0.198548, -0.0652596, -0.198536, -0.0652557, -3.26854E-010, -8.32846E-011
16, 60.00000, -0.216591, -0.0711897, -0.234656, -0.0771273, -0.216606, -0.0711952, 1.38575E-009, -3.49343E-010
16, 120.00000, -0.216587, -0.0711878, -0.234647, -0.0771243, -0.216589, -0.0711892, 1.38678E-009, -3.48839E-010
16, 180.00000, -0.216579, -0.0711845, -0.234646, -0.0771238, -0.21658, -0.0711862, 1.3893E-009, -3.49783E-010
16, 240.00000, -0.216614, -0.0711981, -0.234658, -0.0771291, -0.216607, -0.0711953, 1.38722E-009, -3.47341E-010
16, 300.00000, -0.216589, -0.0711885, -0.234648, -0.0771247, -0.216588, -0.0711889, 1.38953E-009, -3.49066E-010
16, 360.00000, -0.234642, -0.0771232, -0.216601, -0.0711931, -0.198557, -0.0652624, 1.71278E-009, -4.98638E-009
16, 420.00000, -0.234638, -0.0771203, -0.216596, -0.0711917, -0.19854, -0.0652569, 1.71325E-009, -5.00186E-009
16, 480.00000, -0.234632, -0.0771171, -0.216596, -0.0711916, -0.198533, -0.0652546, 1.71249E-009, -5.02046E-009
16, 540.00000, -0.234635, -0.0771187, -0.216598, -0.0711922, -0.198537, -0.0652559, 1.71183E-009, -5.03473E-009
16, 600.00000, -0.234639, -0.0771203, -0.216598, -0.0711924, -0.19854, -0.0652569, 1.71137E-009, -5.04594E-009
16, 660.00000, -0.252698, -0.08306, -0.216588, -0.0711887, -0.198563, -0.0652645, 4.24778E-009, -1.43142E-008
16, 720.00000, -0.252691, -0.0830534, -0.216596, -0.0711917, -0.198539, -0.0652567, 4.2473E-009, -1.43447E-008
16, 780.00000, -0.252716, -0.0830654, -0.216608, -0.0711961, -0.19856, -0.0652634, 4.24925E-009, -1.43537E-008
16, 840.00000, -0.252679, -0.0830489, -0.216587, -0.0711884, -0.198536, -0.0652557, 4.24641E-009, -1.4338E-008
16, 900.00000, -0.25269, -0.0830529, -0.216598, -0.0711925, -0.19854, -0.0652571, 4.24701E-009, -1.4362E-008
16, 960.00000, -0.19858, -0.0652704, -0.234638, -0.0771237, -0.234625, -0.0771151, 4.3609E-009, -6.92145E-009
16, 1020.00000, -0.198539, -0.065256, -0.23465, -0.0771257, -0.23463, -0.0771188, 4.37921E-009, -6.93653E-009
16, 1080.00000, -0.198533, -0.0652541, -0.234649, -0.0771249, -0.234632, -0.0771195, 4.38909E-009, -6.9364E-009
16, 1140.00000, -0.198552, -0.0652615, -0.234647, -0.0771242, -0.234666, -0.0771315, 4.4045E-009, -6.93641E-009
16, 1200.00000, -0.198544, -0.0652579, -0.234647, -0.0771245, -0.234642, -0.0771229, 4.40974E-009, -6.9298E-009
16, 1260.00000, -0.252701, -0.0830584, -0.252701, -0.0830592, -0.252698, -0.0830577, -4.49975E-011, 6.22699E-012
16, 1320.00000, -0.25271, -0.083063, -0.252705, -0.083061, -0.252707, -0.0830612, -4.51051E-011, 6.10721E-012
16, 1380.00000, -0.252691, -0.0830534, -0.252698, -0.0830577, -0.252689, -0.0830544, -4.51603E-011, 6.78198E-012
16, 1440.00000, -0.252685, -0.0830504, -0.252698, -0.0830575, -0.252684, -0.0830527, -4.54408E-011, 7.39102E-012
16, 1500.00000, -0.25269, -0.0830534, -0.252692, -0.0830552, -0.252688, -0.0830536, -4.55491E-011, 6.95401E-012
16, 1560.00000, -0.198542, -0.0652575, -0.216604, -0.071194, -0.198555, -0.0652619, 1.36448E-009, -8.60373E-010
16, 1620.00000, -0.198549, -0.0652591, -0.216602, -0.0711941, -0.198528, -0.065253, 1.36085E-009, -8.55443E-010
16, 1680.00000, -0.198538, -0.0652565, -0.216605, -0.0711942, -0.198569, -0.0652665, 1.34804E-009, -8.49069E-010
16, 1740.00000, -0.198532, -0.0652537, -0.216595, -0.0711911, -0.198534, -0.065255, 1.35095E-009, -8.49535E-010
16, 1800.00000, -0.198534, -0.0652541, -0.216598, -0.0711922, -0.198534, -0.0652549, 1.35274E-009, -8.50819E-010
16, 1860.00000, -0.216593, -0.071191, -0.234648, -0.0771244, -0.198559, -0.0652632, 2.49171E-009, -5.3962E-009
16, 1920.00000, -0.21659, -0.0711884, -0.234647, -0.0771245, -0.198539, -0.0652568, 2.4947E-009, -5.40963E-009
16, 1980.00000, -0.216591, -0.0711889, -0.234649, -0.0771252, -0.198541, -0.0652573, 2.49511E-009, -5.41713E-009
16, 2040.00000, -0.216601, -0.071194, -0.234649, -0.0771249, -0.19856, -0.0652635, 2.49387E-009, -5.43069E-009
16, 2100.00000, -0.21659, -0.0711891, -0.234646, -0.077124, -0.198544, -0.0652584, 2.49524E-009, -5.43311E-009
16, 2160.00000, -0.234679, -0.0771359, -0.180489, -0.059323, -0.25268, -0.0830479, 8.9057E-009, -3.01163E-008
16, 2220.00000, -0.234646, -0.0771228, -0.1805, -0.0593276, -0.252688, -0.0830537, 8.91603E-009, -3.01102E-008
16, 2280.00000, -0.234634, -0.0771174, -0.180499, -0.0593275, -0.25268, -0.0830512, 8.93123E-009, -3.01354E-008
16, 2340.00000, -0.234634, -0.0771178, -0.1805, -0.0593276, -0.252682, -0.083052, 8.94654E-009, -3.01658E-008
16, 2400.00000, -0.234641, -0.0771215, -0.180493, -0.0593255, -0.252688, -0.0830532, 8.94661E-009, -3.01714E-008
16, 2460.00000, -0.270761, -0.0889934, -0.180503, -0.0593279, -0.198537, -0.0652559, 1.43211E-008, -4.6009E-008
16, 2520.00000, -0.270749, -0.0889941, -0.180498, -0.0593274, -0.198567, -0.0652657, 1.43524E-008, -4.61926E-008
16, 2580.00000, -0.270733, -0.08898, -0.180497, -0.0593268, -0.198532, -0.0652541, 1.43594E-008, -4.63044E-008
16, 2640.00000, -0.270738, -0.0889832, -0.1805, -0.0593278, -0.198538, -0.0652562, 1.43699E-008, -4.63716E-008
16, 2700.00000, -0.270743, -0.0889866, -0.1805, -0.0593278, -0.198543, -0.065258, 1.43773E-008, -4.64103E-008
16, 2760.00000, -0.270762, -0.0889948, -0.162448, -0.0533932, -0.234641, -0.0771215, 2.05633E-008, -6.1507E-008
16, 2820.00000, -0.270748, -0.0889889, -0.16245, -0.0533949, -0.234644, -0.0771234, 2.05674E-008, -6.15112E-008
16, 2880.00000, -0.270741, -0.0889864, -0.162444, -0.0533935, -0.234642, -0.0771222, 2.05645E-008, -6.14985E-008
16, 2940.00000, -0.27077, -0.0889974, -0.162441, -0.0533907, -0.234633, -0.0771174, 2.084E-008, -6.23938E-008
16, 3000.00000, -0.270766, -0.0890014, -0.162453, -0.0533956, -0.234667, -0.0771316, 2.0849E-008, -6.23947E-008
16, 3060.00000, -0.216585, -0.0711888, -0.180497, -0.0593275, -0.180518, -0.0593329, 5.72848E-010, -9.70781E-009
16, 3120.00000, -0.21659, -0.0711883, -0.180497, -0.0593268, -0.180491, -0.0593247, 5.72002E-010, -9.73576E-009
16, 3180.00000, -0.2166, -0.0711938, -0.180498, -0.0593272, -0.180509, -0.0593303, 5.69896E-010, -9.7724E-009
16, 3240.00000, -0.2166, -0.0711939, -0.180499, -0.0593273, -0.18051, -0.0593306, 5.66698E-010, -9.81558E-009
16, 3300.00000, -0.216581, -0.071184, -0.180498, -0.0593271, -0.180479, -0.0593209, 5.62919E-010, -9.85075E-009
16, 3360.00000, -0.216611, -0.0711961, -0.19855, -0.0652604, -0.144389, -0.0474598, 1.01625E-008, -2.62684E-008
16, 3420.00000, -0.216591, -0.0711882, -0.198551, -0.0652605, -0.144388, -0.0474586, 1.01614E-008, -2.63069E-008
16, 3480.00000, -0.216585, -0.0711851, -0.19855, -0.0652603, -0.144383, -0.0474572, 1.01669E-008, -2.63816E-008
16, 3540.00000, -0.216594, -0.0711897, -0.198551, -0.0652607, -0.144394, -0.0474602, 1.01692E-008, -2.64031E-008
17, 0.00000, -0.216579, -0.0711836, -0.198536, -0.0652558, -0.144383, -0.047458, 1.01662E-008, -2.63802E-008
17, 60.00000, -0.234651, -0.0771264, -0.234653, -0.0771263, -0.234642, -0.0771233, -4.48684E-010, 1.93728E-011
17, 120.00000, -0.234636, -0.0771216, -0.234645, -0.0771245, -0.234641, -0.0771228, -4.50522E-010, 2.01912E-011
17, 180.00000, -0.234664, -0.0771298, -0.23466, -0.0771286, -0.234659, -0.0771286, -4.51789E-010, 1.92307E-011
17, 240.00000, -0.234645, -0.0771243, -0.234648, -0.0771253, -0.234647, -0.0771247, -4.52175E-010, 1.98772E-011
17, 300.00000, -0.234637, -0.0771219, -0.234646, -0.0771245, -0.234642, -0.0771231, -4.54335E-010, 2.06408E-011
17, 360.00000, -0.234648, -0.077125, -0.144403, -0.0474629, -0.216599, -0.0711922, 1.38416E-008, -4.94056E-008
17, 420.00000, -0.234639, -0.0771224, -0.144397, -0.047462, -0.216593, -0.0711905, 1.38663E-008, -4.94977E-008
17, 480.00000, -0.23466, -0.0771288, -0.144406, -0.0474627, -0.216607, -0.0711947, 1.3873E-008, -4.95226E-008
17, 540.00000, -0.234657, -0.0771277, -0.144402, -0.0474621, -0.216604, -0.0711941, 1.38592E-008, -4.94692E-008
17, 600.00000, -0.234665, -0.0771301, -0.144408, -0.047463, -0.21661, -0.0711957, 1.3864E-008, -4.94883E-008
17, 660.00000, -0.252701, -0.0830589, -0.180499, -0.0593271, -0.23465, -0.0771256, 1.10575E-008, -2.7025E-008
17, 720.00000, -0.252689, -0.0830549, -0.180497, -0.0593272, -0.234643, -0.0771232, 1.10749E-008, -2.70702E-008
17, 780.00000, -0.252715, -0.0830633, -0.180509, -0.0593293, -0.23466, -0.0771287, 1.10824E-008, -2.70902E-008
17, 840.00000, -0.252694, -0.0830565, -0.180498, -0.0593273, -0.234646, -0.0771242, 1.10914E-008, -2.7113E-008
17, 900.00000, -0.252688, -0.0830546, -0.180496, -0.0593271, -0.234642, -0.077123, 1.11131E-008, -2.71694E-008
17, 960.00000, -0.162453, -0.0533949, -0.216597, -0.0711918, -0.2166, -0.0711933, 8.84954E-009, -1.79558E-008
17, 1020.00000, -0.162447, -0.0533943, -0.216599, -0.0711925, -0.216598, -0.0711923, 8.85917E-009, -1.79629E-008
17, 1080.00000, -0.162448, -0.0533944, -0.216599, -0.0711925, -0.216598, -0.0711926, 8.8582E-009, -1.7962E-008
17, 1140.00000, -0.162444, -0.0533939, -0.216598, -0.0711923, -0.216596, -0.0711918, 8.87248E-009, -1.79697E-008
17, 1200.00000, -0.16244, -0.0533934, -0.216597, -0.071192, -0.216594, -0.071191, 8.89555E-009, -1.79814E-008
17, 1260.00000, -0.198553, -0.0652608, -0.270747, -0.0889901, -0.216599, -0.0711932, 1.26122E-008, -2.18379E-008
17, 1320.00000, -0.198541, -0.0652581, -0.270747, -0.0889898, -0.216594, -0.0711913, 1.26302E-008, -2.18776E-008
17, 1380.00000, -0.198545, -0.0652592, -0.270748, -0.0889904, -0.216597, -0.0711923, 1.26363E-008, -2.18916E-008
17, 1440.00000, -0.198536, -0.0652571, -0.270745, -0.0889891, -0.216591, -0.0711904, 1.26608E-008, -2.19471E-008
17, 1500.00000, -0.198541, -0.0652582, -0.270747, -0.0889898, -0.216594, -0.0711915, 1.26742E-008, -2.1978E-008
17, 1560.00000, -0.216597, -0.0711924, -0.288804, -0.0949252, -0.234649, -0.0771256, 1.46001E-008, -2.04192E-008
17, 1620.00000, -0.216592, -0.0711908, -0.288797, -0.0949226, -0.234644, -0.0771241, 1.46188E-008, -2.0448E-008
17, 1680.00000, -0.21659, -0.0711901, -0.288793, -0.0949208, -0.234642, -0.0771235, 1.46145E-008, -2.04412E-008
17, 1740.00000, -0.216596, -0.0711919, -0.288799, -0.0949232, -0.234647, -0.0771251, 1.46238E-008, -2.04553E-008
17, 1800.00000, -0.216594, -0.0711915, -0.288798, -0.094923, -0.234646, -0.0771247, 1.46376E-008, -2.04767E-008
17, 1860.00000, -0.270749, -0.0889903, -0.216603, -0.0711942, -0.162448, -0.053394, 2.46734E-008, -5.27765E-008
17, 1920.00000, -0.270746, -0.0889895, -0.216599, -0.071193, -0.162448, -0.0533941, 2.46869E-008, -5.28373E-008
17, 1980.00000, -0.270752, -0.0889918, -0.2166, -0.0711931, -0.162452, -0.0533954, 2.47687E-008, -5.3194E-008
17, 2040.00000, -0.270772, -0.088999, -0.216614, -0.0711967, -0.162463, -0.0533975, 2.4784E-008, -5.32517E-008
17, 2100.00000, -0.270772, -0.0889988, -0.216613, -0.0711966, -0.162463, -0.0533974, 2.47946E-008, -5.32983E-008
17, 2160.00000, -0.23465, -0.0771261, -0.198561, -0.0652627, -0.252688, -0.0830544, 4.53549E-009, -1.81814E-008
17, 2220.00000, -0.234643, -0.0771236, -0.198548, -0.0652601, -0.252695, -0.0830566, 4.55083E-009, -1.82093E-008
17, 2280.00000, -0.23464, -0.0771228, -0.198548, -0.06526, -0.252693, -0.0830559, 4.56661E-009, -1.82347E-008
17, 2340.00000, -0.234642, -0.0771234, -0.198548, -0.0652601, -0.252694, -0.0830564, 4.57997E-009, -1.82573E-008
17, 2400.00000, -0.234664, -0.0771302, -0.198559, -0.0652622, -0.25271, -0.0830617, 4.58375E-009, -1.82675E-008
17, 2460.00000, -0.252685, -0.0830538, -0.198536, -0.0652589, -0.234681, -0.0771354, 4.98771E-009, -1.70063E-008
17, 2520.00000, -0.252696, -0.0830569, -0.198548, -0.06526, -0.234646, -0.0771244, 4.99286E-009, -1.70281E-008
17, 2580.00000, -0.252693, -0.083056, -0.198548, -0.06526, -0.234644, -0.0771237, 5.00488E-009, -1.70665E-008
17, 2640.00000, -0.252713, -0.0830627, -0.198558, -0.065262, -0.234659, -0.0771284, 5.00923E-009, -1.708E-008
17, 2700.00000, -0.252695, -0.0830565, -0.198548, -0.0652601, -0.234645, -0.0771241, 5.01766E-009, -1.7107E-008
17, 2760.00000, -0.216594, -0.0711909, -0.216599, -0.0711932, -0.180506, -0.0593288, 3.58005E-009, -7.22319E-009
17, 2820.00000, -0.216609, -0.0711954, -0.216606, -0.0711947, -0.180506, -0.0593288, 3.58215E-009, -7.23277E-009
17, 2880.00000, -0.216593, -0.0711911, -0.216599, -0.0711928, -0.180496, -0.0593263, 3.58268E-009, -7.26379E-009
17, 2940.00000, -0.216594, -0.0711912, -0.216599, -0.0711928, -0.180496, -0.0593264, 3.58317E-009, -7.29303E-009
17, 3000.00000, -0.216607, -0.0711945, -0.216601, -0.0711933, -0.180504, -0.0593286, 3.58221E-009, -7.26334E-009
17, 3060.00000, -0.252705, -0.0830601, -0.234651, -0.077126, -0.270744, -0.0889887, 2.74775E-009, -6.99749E-009
17, 3120.00000, -0.252694, -0.0830566, -0.234649, -0.0771254, -0.270745, -0.0889894, 2.7552E-009, -6.99915E-009
17, 3180.00000, -0.252701, -0.0830589, -0.234651, -0.0771259, -0.270751, -0.0889913, 2.75574E-009, -7.00076E-009
17, 3240.00000, -0.252705, -0.0830604, -0.234651, -0.0771261, -0.270755, -0.0889927, 2.75036E-009, -7.00104E-009
17, 3300.00000, -0.252723, -0.0830665, -0.234664, -0.0771302, -0.270768, -0.0889976, 2.75284E-009, -7.00206E-009
17, 3360.00000, -0.216597, -0.071192, -0.180499, -0.0593278, -0.234654, -0.077127, 5.08285E-009, -1.80323E-008
17, 3420.00000, -0.216594, -0.0711914, -0.180499, -0.0593276, -0.234645, -0.0771241, 5.09495E-009, -1.80508E-008
17, 3480.00000, -0.216597, -0.0711923, -0.180499, -0.0593275, -0.234648, -0.0771249, 5.10189E-009, -1.80631E-008
17, 3540.00000, -0.216596, -0.071192, -0.180499, -0.0593276, -0.234647, -0.0771246, 5.11078E-009, -1.80774E-008
18, 0.00000, -0.216597, -0.0711923, -0.180499, -0.0593276, -0.234648, -0.0771249, 5.11787E-009, -1.80894E-008
18, 60.00000, -0.216601, -0.0711934, -0.234648, -0.0771252, -0.27075, -0.0889912, 7.85913E-009, -1.39535E-008
18, 120.00000, -0.216595, -0.0711916, -0.234649, -0.0771253, -0.270745, -0.0889895, 7.87189E-009, -1.39511E-008
18, 180.00000, -0.216591, -0.0711905, -0.234648, -0.0771251, -0.270741, -0.0889883, 7.89411E-009, -1.39481E-008
18, 240.00000, -0.216615, -0.0711979, -0.234661, -0.0771289, -0.270763, -0.0889954, 7.89863E-009, -1.39492E-008
18, 300.00000, -0.216594, -0.0711912, -0.234649, -0.0771253, -0.270743, -0.088989, 7.9154E-009, -1.39463E-008
18, 360.00000, -0.2166, -0.0711931, -0.16245, -0.0533947, -0.23465, -0.0771255, 9.99624E-009, -3.2628E-008
18, 420.00000, -0.216596, -0.0711918, -0.162449, -0.053395, -0.234646, -0.0771244, 1.00105E-008, -3.2654E-008
18, 480.00000, -0.216593, -0.0711908, -0.162448, -0.0533952, -0.234643, -0.0771235, 1.00374E-008, -3.27044E-008
18, 540.00000, -0.216594, -0.0711912, -0.162449, -0.0533952, -0.234644, -0.0771238, 1.00611E-008, -3.27499E-008
18, 600.00000, -0.216594, -0.0711911, -0.162449, -0.0533952, -0.234644, -0.0771238, 1.00856E-008, -3.27966E-008
18, 660.00000, -0.198546, -0.0652591, -0.216603, -0.0711941, -0.252702, -0.0830587, 6.07603E-009, -1.6546E-008
18, 720.00000, -0.198546, -0.0652594, -0.216599, -0.0711928, -0.252695, -0.0830569, 6.0873E-009, -1.65432E-008
18, 780.00000, -0.198546, -0.0652593, -0.216599, -0.0711928, -0.252694, -0.0830567, 6.10166E-009, -1.65441E-008
18, 840.00000, -0.198544, -0.0652588, -0.216596, -0.0711918, -0.252694, -0.0830567, 6.10007E-009, -1.65452E-008
18, 900.00000, -0.198546, -0.0652595, -0.216599, -0.0711928, -0.252695, -0.0830568, 6.11301E-009, -1.65451E-008
18, 960.00000, -0.288788, -0.0949186, -0.21661, -0.0711965, -0.198553, -0.065259, 1.40763E-008, -5.2335E-008
18, 1020.00000, -0.288792, -0.094919, -0.2166, -0.0711934, -0.198543, -0.0652583, 1.41022E-008, -5.25293E-008
18, 1080.00000, -0.288812, -0.0949291, -0.216606, -0.0711948, -0.198557, -0.0652617, 1.41086E-008, -5.25646E-008
18, 1140.00000, -0.288816, -0.0949314, -0.216609, -0.0711956, -0.198561, -0.0652625, 1.41132E-008, -5.26029E-008
18, 1200.00000, -0.288819, -0.0949328, -0.216611, -0.071196, -0.198564, -0.0652629, 1.41185E-008, -5.2648E-008
18, 1260.00000, -0.216614, -0.0711976, -0.27074, -0.0889885, -0.198542, -0.0652606, 1.11195E-008, -2.8661E-008
18, 1320.00000, -0.216606, -0.0711947, -0.270754, -0.0889926, -0.198557, -0.0652619, 1.11248E-008, -2.86748E-008
18, 1380.00000, -0.216595, -0.0711913, -0.27075, -0.0889908, -0.198543, -0.0652589, 1.11378E-008, -2.87533E-008
18, 1440.00000, -0.216596, -0.0711917, -0.27075, -0.088991, -0.198545, -0.0652593, 1.11448E-008, -2.88037E-008
18, 1500.00000, -0.216598, -0.0711922, -0.27075, -0.088991, -0.198547, -0.0652597, 1.11489E-008, -2.88342E-008
18, 1560.00000, -0.180502, -0.0593276, -0.198545, -0.0652587, -0.216604, -0.0711946, 2.27434E-009, -7.85731E-009
18, 1620.00000, -0.180493, -0.0593267, -0.198551, -0.0652609, -0.216592, -0.0711908, 2.28911E-009, -7.84968E-009
18, 1680.00000, -0.180495, -0.059327, -0.198551, -0.0652607, -0.216595, -0.0711915, 2.29897E-009, -7.84729E-009
18, 1740.00000, -0.180497, -0.0593272, -0.198551, -0.0652606, -0.216597, -0.071192, 2.30542E-009, -7.84575E-009
18, 1800.00000, -0.180495, -0.0593266, -0.198547, -0.0652596, -0.216596, -0.071192, 2.30444E-009, -7.84669E-009
18, 1860.00000, -0.234657, -0.0771282, -0.234646, -0.0771243, -0.252696, -0.0830574, 9.27218E-010, -2.18596E-009
18, 1920.00000, -0.234646, -0.077124, -0.234651, -0.077126, -0.252694, -0.0830566, 9.30269E-010, -2.17928E-009
18, 1980.00000, -0.234662, -0.0771304, -0.234657, -0.0771281, -0.25271, -0.0830614, 9.30843E-010, -2.17956E-009
18, 2040.00000, -0.234646, -0.0771241, -0.234651, -0.077126, -0.252694, -0.0830566, 9.32939E-010, -2.17202E-009
18, 2100.00000, -0.234646, -0.077124, -0.234651, -0.0771261, -0.252694, -0.0830566, 9.3519E-010, -2.16576E-009
18, 2160.00000, -0.234652, -0.0771263, -0.234649, -0.0771253, -0.198549, -0.0652604, 1.50171E-009, -1.09894E-008
18, 2220.00000, -0.234647, -0.0771242, -0.234651, -0.077126, -0.198546, -0.0652593, 1.49713E-009, -1.10258E-008
18, 2280.00000, -0.234648, -0.0771246, -0.234651, -0.077126, -0.198547, -0.0652596, 1.49326E-009, -1.10514E-008
18, 2340.00000, -0.234648, -0.0771245, -0.234651, -0.077126, -0.198547, -0.0652595, 1.48918E-009, -1.10804E-008
18, 2400.00000, -0.234647, -0.0771238, -0.234652, -0.0771262, -0.198545, -0.0652591, 1.48269E-009, -1.11287E-008
18, 2460.00000, -0.19855, -0.0652602, -0.23465, -0.0771255, -0.234651, -0.0771259, 4.81121E-009, -8.04653E-009
18, 2520.00000, -0.198551, -0.0652606, -0.23465, -0.0771258, -0.234651, -0.0771259, 4.8112E-009, -8.04604E-009
18, 2580.00000, -0.198545, -0.0652592, -0.234653, -0.0771264, -0.234643, -0.0771236, 4.82954E-009, -8.04625E-009
18, 2640.00000, -0.198546, -0.0652594, -0.234652, -0.0771263, -0.234644, -0.0771241, 4.84387E-009, -8.04582E-009
18, 2700.00000, -0.198531, -0.065255, -0.234639, -0.0771215, -0.234634, -0.0771215, 4.83925E-009, -8.04699E-009
18, 2760.00000, -0.234651, -0.0771258, -0.23465, -0.0771257, -0.162449, -0.0533948, 1.04833E-008, -4.18756E-008
18, 2820.00000, -0.234654, -0.0771277, -0.234648, -0.0771252, -0.162455, -0.0533956, 1.04749E-008, -4.1696E-008
18, 2880.00000, -0.234647, -0.0771239, -0.234652, -0.0771263, -0.162446, -0.0533944, 1.04824E-008, -4.18354E-008
18, 2940.00000, -0.234648, -0.0771243, -0.234652, -0.0771262, -0.162447, -0.0533944, 1.04859E-008, -4.19343E-008
18, 3000.00000, -0.234648, -0.0771247, -0.234649, -0.0771253, -0.162448, -0.0533948, 1.04848E-008, -4.19259E-008
18, 3060.00000, -0.2166, -0.0711929, -0.198551, -0.0652606, -0.216599, -0.0711925, -1.46768E-010, -3.7498E-009
18, 3120.00000, -0.216599, -0.0711926, -0.198551, -0.0652606, -0.216598, -0.0711924, -1.46272E-010, -3.75241E-009
18, 3180.00000, -0.216598, -0.071192, -0.198552, -0.0652611, -0.216595, -0.0711917, -1.45202E-010, -3.75824E-009
18, 3240.00000, -0.216618, -0.0711994, -0.19856, -0.0652621, -0.216615, -0.0711961, -1.44248E-010, -3.76436E-009
18, 3300.00000, -0.216614, -0.0711981, -0.198558, -0.0652618, -0.216613, -0.0711957, -1.43853E-010, -3.7661E-009
18, 3360.00000, -0.234649, -0.0771249, -0.234653, -0.0771268, -0.162449, -0.0533939, 1.26511E-008, -3.94822E-008
18, 3420.00000, -0.234631, -0.0771176, -0.234639, -0.0771216, -0.162434, -0.0533938, 1.26443E-008, -3.94231E-008
18, 3480.00000, -0.23466, -0.0771294, -0.234656, -0.0771279, -0.162457, -0.0533953, 1.26479E-008, -3.94533E-008
18, 3540.00000, -0.234669, -0.0771337, -0.234662, -0.0771301, -0.162466, -0.0533959, 1.26534E-008, -3.95113E-008
19, 0.00000, -0.234649, -0.0771247, -0.234651, -0.0771262, -0.162447, -0.0533945, 1.26633E-008, -3.96085E-008
19, 60.00000, -0.270751, -0.088991, -0.252701, -0.083059, -0.216598, -0.0711925, 2.58807E-009, -2.06359E-008
19, 120.00000, -0.270749, -0.0889901, -0.252701, -0.0830587, -0.216598, -0.0711925, 2.58598E-009, -2.06617E-008
19, 180.00000, -0.270749, -0.0889899, -0.252701, -0.0830587, -0.216598, -0.0711924, 2.5838E-009, -2.06935E-008
19, 240.00000, -0.270748, -0.0889894, -0.252701, -0.0830587, -0.216596, -0.0711922, 2.58063E-009, -2.07416E-008
19, 300.00000, -0.270749, -0.0889899, -0.252701, -0.0830587, -0.216597, -0.0711924, 2.57822E-009, -2.07758E-008
19, 360.00000, -0.234647, -0.0771249, -0.234646, -0.0771245, -0.216607, -0.0711952, -6.11245E-010, -3.76216E-009
19, 420.00000, -0.234648, -0.0771247, -0.23465, -0.0771258, -0.216597, -0.0711923, -6.15873E-010, -3.77848E-009
19, 480.00000, -0.234648, -0.0771247, -0.234651, -0.0771259, -0.216597, -0.0711923, -6.20908E-010, -3.79089E-009
19, 540.00000, -0.234647, -0.0771242, -0.234651, -0.077126, -0.216596, -0.071192, -6.28372E-010, -3.8096E-009
19, 600.00000, -0.234646, -0.0771235, -0.234652, -0.0771262, -0.216593, -0.0711914, -6.40172E-010, -3.83932E-009
19, 660.00000, -0.216601, -0.0711933, -0.27075, -0.088991, -0.270749, -0.088991, 9.21771E-009, -2.03269E-008
19, 720.00000, -0.216589, -0.0711894, -0.270743, -0.0889873, -0.270741, -0.088988, 9.21312E-009, -2.03256E-008
19, 780.00000, -0.216598, -0.0711924, -0.270751, -0.088991, -0.270747, -0.0889901, 9.22933E-009, -2.03341E-008
19, 840.00000, -0.216598, -0.0711924, -0.270751, -0.0889911, -0.270747, -0.0889902, 9.24444E-009, -2.03426E-008
19, 900.00000, -0.216598, -0.0711924, -0.270751, -0.0889911, -0.270747, -0.0889901, 9.26147E-009, -2.03523E-008
19, 960.00000, -0.234651, -0.0771263, -0.252698, -0.0830577, -0.252701, -0.0830588, 1.7408E-009, -3.55163E-010
19, 1020.00000, -0.234647, -0.0771239, -0.252703, -0.0830591, -0.252693, -0.0830562, 1.74294E-009, -3.45203E-010
19, 1080.00000, -0.234665, -0.0771321, -0.252707, -0.0830621, -0.252713, -0.0830624, 1.74238E-009, -3.42603E-010
19, 1140.00000, -0.23464, -0.0771214, -0.252694, -0.0830557, -0.252692, -0.0830559, 1.74346E-009, -3.45135E-010
19, 1200.00000, -0.234668, -0.0771334, -0.25271, -0.0830631, -0.252716, -0.0830633, 1.74255E-009, -3.41287E-010
19, 1260.00000, -0.270744, -0.0889908, -0.270742, -0.0889871, -0.144412, -0.0474664, 4.01201E-008, -1.21478E-007
19, 1320.00000, -0.270749, -0.0889893, -0.270751, -0.0889914, -0.144398, -0.0474622, 4.01741E-008, -1.21745E-007
19, 1380.00000, -0.270759, -0.0889959, -0.270756, -0.0889945, -0.144406, -0.047462, 4.0187E-008, -1.21818E-007
19, 1440.00000, -0.270749, -0.0889895, -0.270752, -0.0889916, -0.144398, -0.0474621, 4.02232E-008, -1.22025E-007
19, 1500.00000, -0.270749, -0.0889894, -0.270752, -0.0889916, -0.144398, -0.047462, 4.02588E-008, -1.22229E-007
19, 1560.00000, -0.216599, -0.0711928, -0.2166, -0.0711931, -0.270751, -0.0889914, 1.06416E-008, -1.86883E-008
19, 1620.00000, -0.216605, -0.071195, -0.216603, -0.0711937, -0.270754, -0.0889927, 1.06443E-008, -1.86888E-008
19, 1680.00000, -0.216599, -0.0711927, -0.216601, -0.0711934, -0.270747, -0.0889901, 1.06604E-008, -1.86892E-008
19, 1740.00000, -0.216599, -0.0711926, -0.216601, -0.0711935, -0.270747, -0.08899, 1.06786E-008, -1.86926E-008
19, 1800.00000, -0.216599, -0.0711925, -0.216602, -0.0711937, -0.270746, -0.0889897, 1.0702E-008, -1.86964E-008
19, 1860.00000, -0.216599, -0.0711927, -0.23465, -0.0771258, -0.234651, -0.077126, 1.39847E-009, -1.44761E-009
19, 1920.00000, -0.216616, -0.0711992, -0.234659, -0.0771293, -0.234666, -0.0771299, 1.39896E-009, -1.44411E-009
19, 1980.00000, -0.2166, -0.0711927, -0.234651, -0.0771261, -0.234647, -0.077125, 1.40117E-009, -1.44048E-009
19, 2040.00000, -0.216616, -0.0711991, -0.234658, -0.0771291, -0.234665, -0.0771296, 1.40176E-009, -1.43756E-009
19, 2100.00000, -0.216611, -0.0711973, -0.234656, -0.0771282, -0.234661, -0.0771288, 1.40292E-009, -1.43597E-009
19, 2160.00000, -0.270755, -0.0889923, -0.19855, -0.0652601, -0.216594, -0.0711914, 1.08177E-008, -3.56391E-008
19, 2220.00000, -0.270751, -0.0889904, -0.198551, -0.0652607, -0.216598, -0.0711925, 1.08262E-008, -3.56839E-008
19, 2280.00000, -0.270766, -0.0890014, -0.19856, -0.0652622, -0.216614, -0.0711957, 1.08392E-008, -3.57414E-008
19, 2340.00000, -0.270762, -0.0889991, -0.198558, -0.0652618, -0.216611, -0.0711952, 1.08472E-008, -3.57811E-008
19, 2400.00000, -0.270763, -0.0889998, -0.198558, -0.0652619, -0.216612, -0.0711953, 1.08569E-008, -3.58271E-008
19, 2460.00000, -0.306845, -0.100856, -0.234649, -0.0771254, -0.270756, -0.0889931, 2.47846E-009, -4.08506E-008
19, 2520.00000, -0.30685, -0.100855, -0.234652, -0.0771264, -0.270748, -0.0889902, 2.48165E-009, -4.09281E-008
19, 2580.00000, -0.306851, -0.100855, -0.234652, -0.0771265, -0.270747, -0.0889901, 2.48475E-009, -4.10016E-008
19, 2640.00000, -0.306851, -0.100855, -0.234652, -0.0771266, -0.270747, -0.08899, 2.48833E-009, -4.10865E-008
19, 2700.00000, -0.306864, -0.100868, -0.234656, -0.0771287, -0.270761, -0.0889952, 2.49198E-009, -4.11378E-008
19, 2760.00000, -0.252675, -0.0830488, -0.234674, -0.0771331, -0.288803, -0.0949274, 6.27126E-009, -1.84469E-008
19, 2820.00000, -0.252704, -0.0830604, -0.234653, -0.0771269, -0.2888, -0.0949242, 6.27193E-009, -1.8457E-008
19, 2880.00000, -0.252701, -0.0830579, -0.234651, -0.0771261, -0.288798, -0.0949229, 6.28344E-009, -1.84642E-008
19, 2940.00000, -0.252701, -0.0830578, -0.234652, -0.0771262, -0.288798, -0.0949227, 6.29686E-009, -1.84726E-008
19, 3000.00000, -0.252711, -0.0830655, -0.234656, -0.0771284, -0.288811, -0.0949286, 6.30455E-009, -1.84813E-008
19, 3060.00000, -0.288798, -0.0949262, -0.198539, -0.0652574, -0.198562, -0.0652652, 1.86846E-008, -6.95507E-008
19, 3120.00000, -0.288811, -0.0949331, -0.198557, -0.0652619, -0.198561, -0.0652616, 1.87039E-008, -6.96428E-008
19, 3180.00000, -0.288814, -0.0949353, -0.198557, -0.0652617, -0.198563, -0.0652618, 1.87252E-008, -6.9748E-008
19, 3240.00000, -0.288809, -0.094931, -0.198555, -0.0652612, -0.198558, -0.0652613, 1.87367E-008, -6.98093E-008
19, 3300.00000, -0.288802, -0.0949222, -0.198552, -0.0652613, -0.198547, -0.0652597, 1.87727E-008, -6.99933E-008
19, 3360.00000, -0.234649, -0.0771257, -0.234648, -0.077125, -0.252704, -0.0830596, -1.98245E-010, -3.23365E-009
19, 3420.00000, -0.234642, -0.0771217, -0.234648, -0.0771242, -0.252694, -0.0830562, -1.98811E-010, -3.23286E-009
19, 3480.00000, -0.234651, -0.0771262, -0.23465, -0.077126, -0.2527, -0.0830585, -1.99175E-010, -3.23333E-009
19, 3540.00000, -0.234651, -0.0771254, -0.234652, -0.0771263, -0.252698, -0.0830578, -1.9813E-010, -3.22898E-009
20, 0.00000, -0.234663, -0.0771328, -0.234654, -0.0771284, -0.252712, -0.0830623, -1.97549E-010, -3.22846E-009
20, 60.00000, -0.252686, -0.0830549, -0.270752, -0.0889897, -0.252714, -0.0830632, 8.3895E-010, -9.97283E-010
20, 120.00000, -0.2527, -0.0830576, -0.270752, -0.0889915, -0.252699, -0.0830581, 8.33625E-010, -1.00385E-009
20, 180.00000, -0.2527, -0.0830576, -0.270753, -0.0889916, -0.252698, -0.0830579, 8.301E-010, -1.00826E-009
20, 240.00000, -0.2527, -0.0830576, -0.270753, -0.0889916, -0.252698, -0.083058, 8.26629E-010, -1.0124E-009
20, 300.00000, -0.252703, -0.0830602, -0.270751, -0.0889923, -0.252702, -0.0830593, 8.25697E-010, -1.01229E-009
20, 360.00000, -0.2166, -0.071193, -0.216601, -0.0711932, -0.288799, -0.0949236, 1.59765E-008, -3.97515E-008
20, 420.00000, -0.2166, -0.071193, -0.216602, -0.0711936, -0.288798, -0.0949229, 1.60006E-008, -3.97697E-008
20, 480.00000, -0.216607, -0.0711963, -0.216602, -0.0711938, -0.288806, -0.0949268, 1.60125E-008, -3.97837E-008
20, 540.00000, -0.216601, -0.0711936, -0.2166, -0.071193, -0.288802, -0.0949244, 1.60145E-008, -3.97844E-008
20, 600.00000, -0.216601, -0.0711936, -0.2166, -0.071193, -0.288801, -0.0949243, 1.60158E-008, -3.97851E-008
20, 660.00000, -0.216595, -0.0711919, -0.198542, -0.0652581, -0.216615, -0.0711982, -1.45154E-009, -4.32191E-009
20, 720.00000, -0.216614, -0.0711989, -0.198557, -0.0652615, -0.216612, -0.0711952, -1.45832E-009, -4.32704E-009
20, 780.00000, -0.216608, -0.0711966, -0.198553, -0.0652607, -0.216608, -0.0711944, -1.4606E-009, -4.32998E-009
20, 840.00000, -0.216608, -0.0711966, -0.198553, -0.0652607, -0.216607, -0.0711944, -1.46294E-009, -4.33317E-009
20, 900.00000, -0.216609, -0.0711971, -0.198554, -0.0652607, -0.216608, -0.0711946, -1.4656E-009, -4.33707E-009
20, 960.00000, -0.180497, -0.0593269, -0.270753, -0.0889918, -0.2527, -0.0830587, 2.54745E-008, -4.57664E-008
20, 1020.00000, -0.180508, -0.0593293, -0.270752, -0.0889941, -0.252706, -0.0830609, 2.54889E-008, -4.57805E-008
20, 1080.00000, -0.1805, -0.0593281, -0.270753, -0.0889914, -0.252698, -0.083058, 2.55288E-008, -4.58262E-008
20, 1140.00000, -0.180512, -0.0593301, -0.270753, -0.0889959, -0.25271, -0.0830622, 2.55556E-008, -4.58572E-008
20, 1200.00000, -0.180504, -0.0593283, -0.270751, -0.0889927, -0.252704, -0.0830602, 2.55685E-008, -4.5873E-008
20, 1260.00000, -0.270755, -0.0889928, -0.252698, -0.0830582, -0.324897, -0.106788, 1.35343E-008, -3.32018E-008
20, 1320.00000, -0.270756, -0.0889968, -0.252702, -0.0830606, -0.324906, -0.106793, 1.35453E-008, -3.32134E-008
20, 1380.00000, -0.270754, -0.0889949, -0.252702, -0.0830599, -0.324904, -0.106792, 1.35513E-008, -3.3218E-008
20, 1440.00000, -0.270755, -0.0889958, -0.252702, -0.0830603, -0.324905, -0.106793, 1.35589E-008, -3.32248E-008
20, 1500.00000, -0.270755, -0.0889958, -0.252702, -0.0830603, -0.324905, -0.106793, 1.35666E-008, -3.32317E-008
20, 1560.00000, -0.234643, -0.0771233, -0.288808, -0.0949255, -0.27075, -0.088992, 1.04102E-008, -9.60374E-009
20, 1620.00000, -0.234653, -0.0771277, -0.288801, -0.0949258, -0.270752, -0.0889925, 1.04075E-008, -9.59797E-009
20, 1680.00000, -0.234651, -0.0771263, -0.2888, -0.0949243, -0.270751, -0.0889919, 1.04084E-008, -9.59861E-009
20, 1740.00000, -0.234652, -0.0771269, -0.288801, -0.0949249, -0.270752, -0.0889923, 1.04096E-008, -9.59917E-009
20, 1800.00000, -0.234651, -0.0771265, -0.2888, -0.0949245, -0.270752, -0.088992, 1.04105E-008, -9.59967E-009
20, 1860.00000, -0.252703, -0.0830601, -0.288793, -0.0949215, -0.234653, -0.0771272, 8.37673E-009, -1.26776E-008
20, 1920.00000, -0.252702, -0.08306, -0.288801, -0.0949252, -0.234653, -0.0771266, 8.38123E-009, -1.26877E-008
20, 1980.00000, -0.252705, -0.0830619, -0.288801, -0.0949266, -0.234654, -0.077127, 8.38284E-009, -1.26976E-008
20, 2040.00000, -0.252702, -0.0830598, -0.288801, -0.094925, -0.234652, -0.0771264, 8.38392E-009, -1.27022E-008
20, 2100.00000, -0.2527, -0.0830583, -0.2888, -0.094924, -0.23465, -0.0771259, 8.38419E-009, -1.27026E-008
20, 2160.00000, -0.23465, -0.0771259, -0.234652, -0.0771264, -0.324897, -0.106788, 2.9263E-008, -5.76408E-008
20, 2220.00000, -0.234652, -0.0771272, -0.234651, -0.0771261, -0.324902, -0.106791, 2.92718E-008, -5.76522E-008
20, 2280.00000, -0.23465, -0.077126, -0.23465, -0.0771256, -0.3249, -0.106789, 2.92719E-008, -5.76521E-008
20, 2340.00000, -0.234654, -0.077129, -0.234652, -0.0771269, -0.324905, -0.106793, 2.92878E-008, -5.76663E-008
20, 2400.00000, -0.234654, -0.0771289, -0.234652, -0.0771269, -0.324905, -0.106793, 2.93037E-008, -5.76795E-008
20, 2460.00000, -0.324903, -0.106791, -0.288795, -0.0949229, -0.270751, -0.0889913, -1.82771E-009, -2.68564E-008
20, 2520.00000, -0.324901, -0.106791, -0.2888, -0.0949246, -0.270751, -0.0889918, -1.82876E-009, -2.68577E-008
20, 2580.00000, -0.324904, -0.106794, -0.288801, -0.0949265, -0.270753, -0.0889928, -1.83104E-009, -2.6878E-008
20, 2640.00000, -0.3249, -0.106789, -0.2888, -0.0949242, -0.27075, -0.0889913, -1.83138E-009, -2.68761E-008
20, 2700.00000, -0.3249, -0.106789, -0.2888, -0.0949242, -0.27075, -0.0889912, -1.83135E-009, -2.68763E-008
20, 2760.00000, -0.270752, -0.0889905, -0.324905, -0.106792, -0.288793, -0.0949223, 8.67504E-009, -1.24333E-008
20, 2820.00000, -0.270751, -0.0889914, -0.324899, -0.106789, -0.2888, -0.094924, 8.67351E-009, -1.24296E-008
20, 2880.00000, -0.27075, -0.0889912, -0.3249, -0.106789, -0.2888, -0.0949242, 8.67388E-009, -1.24302E-008
20, 2940.00000, -0.27075, -0.0889912, -0.3249, -0.106789, -0.2888, -0.0949242, 8.67389E-009, -1.24302E-008
20, 3000.00000, -0.27075, -0.0889912, -0.3249, -0.106789, -0.2888, -0.0949242, 8.67388E-009, -1.24302E-008
20, 3060.00000, -0.216602, -0.0711938, -0.198548, -0.0652594, -0.2166, -0.0711931, 8.19414E-010, -2.85898E-009
20, 3120.00000, -0.2166, -0.071193, -0.19855, -0.0652602, -0.2166, -0.0711931, 8.19124E-010, -2.85785E-009
20, 3180.00000, -0.2166, -0.071193, -0.19855, -0.0652603, -0.2166, -0.0711929, 8.19066E-010, -2.85777E-009
20, 3240.00000, -0.2166, -0.071193, -0.19855, -0.0652603, -0.2166, -0.0711929, 8.19075E-010, -2.8578E-009
20, 3300.00000, -0.2166, -0.071193, -0.19855, -0.0652603, -0.2166, -0.0711929, 8.19077E-010, -2.8578E-009
20, 3360.00000, -0.2166, -0.0711931, -0.306851, -0.100857, -0.270749, -0.0889911, 2.28599E-008, -3.88984E-008
20, 3420.00000, -0.2166, -0.0711931, -0.30685, -0.100856, -0.27075, -0.0889915, 2.28599E-008, -3.8898E-008
20, 3480.00000, -0.2166, -0.071193, -0.30685, -0.100856, -0.27075, -0.0889915, 2.28601E-008, -3.88985E-008
20, 3540.00000, -0.2166, -0.071193, -0.30685, -0.100856, -0.27075, -0.0889915, 2.28601E-008, -3.88985E-008
21, 0.00000, -0.2166, -0.071193, -0.30685, -0.100856, -0.27075, -0.0889915, 2.28601E-008, -3.88985E-008
21, 60.00000, -0.324901, -0.106789, -0.2527, -0.0830589, -0.234649, -0.0771253, 1.36409E-008, -6.65705E-008
21, 120.00000, -0.3249, -0.106789, -0.2527, -0.0830588, -0.23465, -0.0771257, 1.36402E-008, -6.65679E-008
21, 180.00000, -0.3249, -0.106789, -0.2527, -0.0830588, -0.23465, -0.0771256, 1.36403E-008, -6.65682E-008
21, 240.00000, -0.3249, -0.106789, -0.2527, -0.0830588, -0.23465, -0.0771257, 1.36403E-008, -6.65683E-008
21, 300.00000, -0.3249, -0.106789, -0.2527, -0.0830588, -0.23465, -0.0771257, 1.36403E-008, -6.65683E-008
21, 360.00000, -0.324902, -0.106791, -0.270747, -0.0889906, -0.288801, -0.0949239, 7.60326E-010, -2.62531E-008
21, 420.00000, -0.3249, -0.106789, -0.27075, -0.0889914, -0.2888, -0.0949238, 7.59566E-010, -2.62503E-008
21, 480.00000, -0.3249, -0.106789, -0.27075, -0.0889914, -0.2888, -0.0949238, 7.59589E-010, -2.62504E-008
21, 540.00000, -0.3249, -0.106789, -0.27075, -0.0889914, -0.2888, -0.0949238, 7.59575E-010, -2.62503E-008
21, 600.00000, -0.3249, -0.106789, -0.27075, -0.0889914, -0.2888, -0.0949238, 7.59577E-010, -2.62503E-008
21, 660.00000, -0.288798, -0.0949232, -0.252701, -0.0830589, -0.270751, -0.0889916, -7.53491E-010, -1.27611E-008
21, 720.00000, -0.2888, -0.0949238, -0.2527, -0.0830587, -0.27075, -0.0889911, -7.53272E-010, -1.27627E-008
21, 780.00000, -0.2888, -0.0949239, -0.2527, -0.0830586, -0.27075, -0.0889911, -7.53225E-010, -1.2763E-008
21, 840.00000, -0.2888, -0.0949239, -0.2527, -0.0830586, -0.27075, -0.0889911, -7.53223E-010, -1.2763E-008
21, 900.00000, -0.2888, -0.0949239, -0.2527, -0.0830586, -0.27075, -0.0889911, -7.53225E-010, -1.2763E-008
21, 960.00000, -0.252699, -0.0830586, -0.288799, -0.0949234, -0.324902, -0.10679, 1.19459E-008, -2.95747E-008
21, 1020.00000, -0.2527, -0.0830587, -0.2888, -0.0949237, -0.3249, -0.106789, 1.19455E-008, -2.95734E-008
21, 1080.00000, -0.2527, -0.0830587, -0.2888, -0.0949238, -0.3249, -0.106789, 1.19455E-008, -2.95735E-008
21, 1140.00000, -0.2527, -0.0830587, -0.2888, -0.0949238, -0.3249, -0.106789, 1.19455E-008, -2.95734E-008
21, 1200.00000, -0.2527, -0.0830587, -0.2888, -0.0949238, -0.3249, -0.106789, 1.19455E-008, -2.95734E-008
21, 1260.00000, -0.324905, -0.106793, -0.216593, -0.071191, -0.270753, -0.0889913, 2.24496E-008, -7.80641E-008
21, 1320.00000, -0.3249, -0.106789, -0.2166, -0.0711933, -0.27075, -0.088991, 2.24437E-008, -7.80476E-008
21, 1380.00000, -0.324901, -0.106789, -0.2166, -0.0711933, -0.27075, -0.0889909, 2.24441E-008, -7.80488E-008
21, 1440.00000, -0.3249, -0.106789, -0.2166, -0.0711933, -0.27075, -0.0889909, 2.2444E-008, -7.80487E-008
21, 1500.00000, -0.3249, -0.106789, -0.2166, -0.0711933, -0.27075, -0.0889909, 2.2444E-008, -7.80487E-008
21, 1560.00000, -0.360988, -0.11865, -0.234658, -0.0771284, -0.234652, -0.077126, 4.20962E-008, -1.35216E-007
21, 1620.00000, -0.361001, -0.118654, -0.23465, -0.0771264, -0.234649, -0.0771252, 4.21094E-008, -1.35254E-007
21, 1680.00000, -0.361001, -0.118655, -0.23465, -0.0771261, -0.23465, -0.0771255, 4.21089E-008, -1.35252E-007
21, 1740.00000, -0.361001, -0.118655, -0.23465, -0.0771262, -0.23465, -0.0771255, 4.21088E-008, -1.35252E-007
21, 1800.00000, -0.361001, -0.118655, -0.23465, -0.0771262, -0.23465, -0.0771255, 4.21088E-008, -1.35252E-007
21, 1860.00000, -0.216579, -0.0711847, -0.288839, -0.0949348, -0.252688, -0.0830556, 1.42789E-008, -2.34484E-008
21, 1920.00000, -0.216602, -0.0711936, -0.2888, -0.0949244, -0.252697, -0.0830577, 1.42576E-008, -2.3404E-008
21, 1980.00000, -0.2166, -0.071193, -0.2888, -0.0949237, -0.2527, -0.0830587, 1.42584E-008, -2.34046E-008
21, 2040.00000, -0.2166, -0.071193, -0.2888, -0.0949237, -0.2527, -0.0830587, 1.42585E-008, -2.34049E-008
21, 2100.00000, -0.2166, -0.071193, -0.2888, -0.0949237, -0.2527, -0.0830587, 1.42585E-008, -2.34049E-008
21, 2160.00000, -0.342951, -0.112723, -0.234648, -0.0771253, -0.342952, -0.112722, 2.56462E-008, -1.06909E-007
21, 2220.00000, -0.34295, -0.112722, -0.23465, -0.077126, -0.34295, -0.112722, 2.56445E-008, -1.06904E-007
21, 2280.00000, -0.342951, -0.112722, -0.23465, -0.077126, -0.34295, -0.112722, 2.56446E-008, -1.06904E-007
21, 2340.00000, -0.342951, -0.112722, -0.23465, -0.077126, -0.34295, -0.112722, 2.56446E-008, -1.06904E-007
21, 2400.00000, -0.342951, -0.112722, -0.23465, -0.077126, -0.34295, -0.112722, 2.56446E-008, -1.06904E-007
21, 2460.00000, -0.252704, -0.0830598, -0.234646, -0.0771247, -0.2166, -0.0711933, 9.42804E-010, -9.8947E-009
21, 2520.00000, -0.2527, -0.0830584, -0.23465, -0.0771257, -0.2166, -0.0711932, 9.4247E-010, -9.89238E-009
21, 2580.00000, -0.2527, -0.0830583, -0.23465, -0.0771258, -0.2166, -0.071193, 9.42534E-010, -9.89253E-009
21, 2640.00000, -0.2527, -0.0830583, -0.23465, -0.0771258, -0.2166, -0.071193, 9.4255E-010, -9.89261E-009
21, 2700.00000, -0.2527, -0.0830583, -0.23465, -0.0771258, -0.2166, -0.071193, 9.42548E-010, -9.89261E-009
21, 2760.00000, -0.288802, -0.0949241, -0.216599, -0.071193, -0.216599, -0.0711927, 1.1172E-008, -4.87476E-008
21, 2820.00000, -0.2888, -0.0949239, -0.2166, -0.0711931, -0.2166, -0.071193, 1.11713E-008, -4.87452E-008
21, 2880.00000, -0.2888, -0.0949237, -0.2166, -0.0711932, -0.2166, -0.0711929, 1.11713E-008, -4.8745E-008
21, 2940.00000, -0.2888, -0.0949238, -0.2166, -0.0711932, -0.2166, -0.0711929, 1.11713E-008, -4.87452E-008
21, 3000.00000, -0.2888, -0.0949238, -0.2166, -0.0711932, -0.2166, -0.0711929, 1.11713E-008, -4.87452E-008
21, 3060.00000, -0.3249, -0.106789, -0.2888, -0.0949242, -0.27075, -0.0889911, 3.69598E-009, -2.23991E-008
21, 3120.00000, -0.3249, -0.106789, -0.2888, -0.0949242, -0.27075, -0.0889911, 3.69597E-009, -2.23991E-008
21, 3180.00000, -0.3249, -0.106789, -0.2888, -0.0949242, -0.27075, -0.0889912, 3.6959E-009, -2.23988E-008
21, 3240.00000, -0.3249, -0.106789, -0.2888, -0.0949242, -0.27075, -0.0889912, 3.6959E-009, -2.23988E-008
21, 3300.00000, -0.3249, -0.106789, -0.2888, -0.0949242, -0.27075, -0.0889912, 3.69591E-009, -2.23988E-008
21, 3360.00000, -0.270748, -0.0889886, -0.23466, -0.0771292, -0.288791, -0.0949217, 1.60039E-009, -2.39768E-008
21, 3420.00000, -0.270751, -0.0889915, -0.23465, -0.0771258, -0.2888, -0.0949236, 1.60349E-009, -2.39896E-008
21, 3480.00000, -0.27075, -0.0889913, -0.23465, -0.0771258, -0.2888, -0.0949238, 1.60359E-009, -2.39895E-008
21, 3540.00000, -0.27075, -0.0889913, -0.23465, -0.0771258, -0.2888, -0.0949238, 1.6036E-009, -2.39895E-008
22, 0.00000, -0.27075, -0.0889913, -0.23465, -0.0771258, -0.2888, -0.0949238, 1.60359E-009, -2.39895E-008
22, 60.00000, -0.216601, -0.0711931, -0.216602, -0.0711937, -0.252697, -0.0830573, 4.44996E-009, -8.55163E-009
22, 120.00000, -0.2166, -0.0711932, -0.2166, -0.0711928, -0.2527, -0.0830584, 4.45097E-009, -8.55427E-009
22, 180.00000, -0.2166, -0.0711931, -0.2166, -0.0711929, -0.2527, -0.0830584, 4.45106E-009, -8.55425E-009
22, 240.00000, -0.2166, -0.0711931, -0.2166, -0.0711929, -0.2527, -0.0830584, 4.45102E-009, -8.55419E-009
22, 300.00000, -0.2166, -0.0711931, -0.2166, -0.0711929, -0.2527, -0.0830584, 4.45102E-009, -8.55419E-009
22, 360.00000, -0.270752, -0.0889913, -0.198551, -0.0652606, -0.252697, -0.0830574, 1.22998E-008, -3.52443E-008
22, 420.00000, -0.27075, -0.0889913, -0.19855, -0.0652603, -0.2527, -0.0830583, 1.23002E-008, -3.52443E-008
22, 480.00000, -0.27075, -0.0889912, -0.19855, -0.0652604, -0.2527, -0.0830583, 1.23001E-008, -3.52441E-008
22, 540.00000, -0.27075, -0.0889913, -0.19855, -0.0652604, -0.2527, -0.0830583, 1.23002E-008, -3.52442E-008
22, 600.00000, -0.27075, -0.0889913, -0.19855, -0.0652604, -0.2527, -0.0830583, 1.23002E-008, -3.52442E-008
22, 660.00000, -0.2527, -0.0830588, -0.198549, -0.06526, -0.288802, -0.0949241, 1.70874E-008, -5.08208E-008
22, 720.00000, -0.2527, -0.0830586, -0.19855, -0.0652604, -0.2888, -0.0949237, 1.70864E-008, -5.08184E-008
22, 780.00000, -0.2527, -0.0830587, -0.19855, -0.0652603, -0.2888, -0.0949236, 1.70865E-008, -5.08186E-008
22, 840.00000, -0.2527, -0.0830587, -0.19855, -0.0652603, -0.2888, -0.0949237, 1.70865E-008, -5.08187E-008
22, 900.00000, -0.2527, -0.0830587, -0.19855, -0.0652603, -0.2888, -0.0949237, 1.70865E-008, -5.08187E-008
22, 960.00000, -0.198551, -0.0652602, -0.270752, -0.0889919, -0.144398, -0.0474615, 2.52386E-008, -1.05581E-007
22, 1020.00000, -0.19855, -0.06526, -0.27075, -0.0889911, -0.1444, -0.0474623, 2.52367E-008, -1.05575E-007
22, 1080.00000, -0.19855, -0.0652599, -0.27075, -0.0889911, -0.1444, -0.0474622, 2.52369E-008, -1.05576E-007
22, 1140.00000, -0.19855, -0.0652599, -0.27075, -0.0889912, -0.1444, -0.0474622, 2.5237E-008, -1.05576E-007
22, 1200.00000, -0.19855, -0.0652599, -0.27075, -0.0889912, -0.1444, -0.0474622, 2.5237E-008, -1.05576E-007
22, 1260.00000, -0.252702, -0.0830601, -0.306841, -0.100853, -0.180504, -0.0593304, 3.34698E-008, -9.60278E-008
22, 1320.00000, -0.252699, -0.083058, -0.306851, -0.100857, -0.1805, -0.0593278, 3.34771E-008, -9.60464E-008
22, 1380.00000, -0.2527, -0.0830581, -0.306851, -0.100857, -0.1805, -0.0593277, 3.34773E-008, -9.6047E-008
22, 1440.00000, -0.2527, -0.0830581, -0.306851, -0.100857, -0.1805, -0.0593277, 3.34773E-008, -9.6047E-008
22, 1500.00000, -0.2527, -0.0830581, -0.306851, -0.100857, -0.1805, -0.0593277, 3.34773E-008, -9.6047E-008
22, 1560.00000, -0.19855, -0.0652602, -0.270766, -0.0889978, -0.270732, -0.0889859, 1.64085E-008, -4.0126E-008
22, 1620.00000, -0.198551, -0.0652608, -0.270749, -0.0889908, -0.270749, -0.088991, 1.64063E-008, -4.01255E-008
22, 1680.00000, -0.19855, -0.0652603, -0.27075, -0.0889909, -0.27075, -0.0889914, 1.64072E-008, -4.01278E-008
22, 1740.00000, -0.19855, -0.0652603, -0.27075, -0.0889909, -0.27075, -0.0889914, 1.64072E-008, -4.01278E-008
22, 1800.00000, -0.19855, -0.0652603, -0.27075, -0.0889909, -0.27075, -0.0889914, 1.64072E-008, -4.01278E-008
22, 1860.00000, -0.23465, -0.0771256, -0.288803, -0.0949251, -0.270747, -0.0889903, 8.03786E-009, -1.55042E-008
22, 1920.00000, -0.23465, -0.0771259, -0.2888, -0.0949238, -0.27075, -0.0889912, 8.03732E-009, -1.55031E-008
22, 1980.00000, -0.23465, -0.0771258, -0.2888, -0.0949238, -0.27075, -0.0889914, 8.03742E-009, -1.55034E-008
22, 2040.00000, -0.23465, -0.0771258, -0.2888, -0.0949238, -0.27075, -0.0889914, 8.03746E-009, -1.55034E-008
22, 2100.00000, -0.23465, -0.0771258, -0.2888, -0.0949238, -0.27075, -0.0889914, 8.03746E-009, -1.55034E-008
22, 2160.00000, -0.216602, -0.0711937, -0.198549, -0.0652599, -0.234648, -0.0771251, 2.65565E-009, -8.10823E-009
22, 2220.00000, -0.2166, -0.0711931, -0.198549, -0.0652601, -0.23465, -0.0771257, 2.65613E-009, -8.10864E-009
22, 2280.00000, -0.2166, -0.071193, -0.19855, -0.0652602, -0.23465, -0.0771257, 2.65606E-009, -8.10835E-009
22, 2340.00000, -0.2166, -0.071193, -0.19855, -0.0652602, -0.23465, -0.0771256, 2.65603E-009, -8.10831E-009
22, 2400.00000, -0.2166, -0.071193, -0.19855, -0.0652602, -0.23465, -0.0771256, 2.65604E-009, -8.10832E-009
22, 2460.00000, -0.288799, -0.0949243, -0.252698, -0.0830575, -0.252704, -0.0830596, 1.25963E-009, -1.34008E-008
22, 2520.00000, -0.2888, -0.0949236, -0.252701, -0.0830588, -0.2527, -0.0830584, 1.25968E-009, -1.34011E-008
22, 2580.00000, -0.2888, -0.0949239, -0.2527, -0.0830586, -0.2527, -0.0830584, 1.25983E-009, -1.34017E-008
22, 2640.00000, -0.2888, -0.0949239, -0.2527, -0.0830586, -0.2527, -0.0830584, 1.25982E-009, -1.34017E-008
22, 2700.00000, -0.2888, -0.0949239, -0.2527, -0.0830586, -0.2527, -0.0830584, 1.25981E-009, -1.34017E-008
22, 2760.00000, -0.2166, -0.0711929, -0.234652, -0.0771265, -0.216597, -0.0711921, 7.76831E-010, -1.16332E-009
22, 2820.00000, -0.2166, -0.0711931, -0.23465, -0.0771256, -0.2166, -0.0711931, 7.76389E-010, -1.16223E-009
22, 2880.00000, -0.2166, -0.0711929, -0.23465, -0.0771257, -0.2166, -0.0711931, 7.76519E-010, -1.16229E-009
22, 2940.00000, -0.2166, -0.0711929, -0.23465, -0.0771257, -0.2166, -0.071193, 7.76518E-010, -1.16231E-009
22, 3000.00000, -0.2166, -0.0711929, -0.23465, -0.0771257, -0.2166, -0.071193, 7.76513E-010, -1.16231E-009
22, 3060.00000, -0.216599, -0.071193, -0.1805, -0.0593277, -0.30685, -0.100857, 3.35783E-008, -1.07166E-007
22, 3120.00000, -0.2166, -0.0711933, -0.1805, -0.0593275, -0.30685, -0.100856, 3.35779E-008, -1.07166E-007
22, 3180.00000, -0.2166, -0.0711933, -0.1805, -0.0593274, -0.30685, -0.100856, 3.35782E-008, -1.07167E-007
22, 3240.00000, -0.2166, -0.0711933, -0.1805, -0.0593274, -0.30685, -0.100856, 3.35782E-008, -1.07167E-007
22, 3300.00000, -0.2166, -0.0711933, -0.1805, -0.0593274, -0.30685, -0.100856, 3.35782E-008, -1.07167E-007
22, 3360.00000, -0.216601, -0.0711936, -0.2166, -0.0711928, -0.324899, -0.106789, 3.50719E-008, -9.19188E-008
22, 3420.00000, -0.2166, -0.0711932, -0.216599, -0.0711927, -0.3249, -0.106789, 3.50919E-008, -9.19708E-008
22, 3480.00000, -0.216592, -0.0711906, -0.216595, -0.0711912, -0.324896, -0.106788, 3.54516E-008, -9.29233E-008
22, 3540.00000, -0.216571, -0.0711839, -0.216587, -0.0711883, -0.324884, -0.106784, 3.6147E-008, -9.44901E-008
23, 0.00000, -0.216574, -0.0711847, -0.216586, -0.0711881, -0.324884, -0.106784, 3.65319E-008, -9.53988E-008
23, 60.00000, -0.180505, -0.0593293, -0.1805, -0.0593276, -0.216605, -0.0711943, 3.023E-009, -1.10692E-008
23, 120.00000, -0.1805, -0.0593276, -0.1805, -0.0593274, -0.2166, -0.0711929, 3.02267E-009, -1.1068E-008
23, 180.00000, -0.1805, -0.0593276, -0.1805, -0.0593275, -0.2166, -0.0711929, 3.02265E-009, -1.10679E-008
23, 240.00000, -0.1805, -0.0593276, -0.1805, -0.0593275, -0.2166, -0.0711929, 3.02265E-009, -1.10679E-008
23, 300.00000, -0.1805, -0.0593276, -0.1805, -0.0593275, -0.2166, -0.0711929, 3.02265E-009, -1.10679E-008
23, 360.00000, -0.162446, -0.0533939, -0.216589, -0.0711888, -0.180507, -0.0593297, 8.52722E-009, -1.53932E-008
23, 420.00000, -0.16245, -0.0533946, -0.2166, -0.0711928, -0.1805, -0.0593277, 8.53004E-009, -1.54008E-008
23, 480.00000, -0.16245, -0.0533947, -0.2166, -0.0711929, -0.1805, -0.0593276, 8.53003E-009, -1.54009E-008
23, 540.00000, -0.16245, -0.0533947, -0.2166, -0.0711929, -0.1805, -0.0593276, 8.53003E-009, -1.54009E-008
23, 600.00000, -0.16245, -0.0533947, -0.2166, -0.0711929, -0.1805, -0.0593276, 8.53003E-009, -1.54009E-008
23, 660.00000, -0.162456, -0.0533957, -0.216624, -0.0712017, -0.198524, -0.0652519, 8.84982E-009, -1.37219E-008
23, 720.00000, -0.16245, -0.0533949, -0.2166, -0.071193, -0.198549, -0.06526, 8.8496E-009, -1.37107E-008
23, 780.00000, -0.16245, -0.0533947, -0.2166, -0.0711928, -0.19855, -0.0652603, 8.84987E-009, -1.37107E-008
23, 840.00000, -0.16245, -0.0533947, -0.2166, -0.0711928, -0.19855, -0.0652604, 8.84989E-009, -1.37108E-008
23, 900.00000, -0.16245, -0.0533947, -0.2166, -0.0711928, -0.19855, -0.0652604, 8.84989E-009, -1.37108E-008
23, 960.00000, -0.180496, -0.0593264, -0.162449, -0.0533943, -0.198554, -0.0652617, 3.47216E-009, -6.91363E-009
23, 1020.00000, -0.1805, -0.0593275, -0.16245, -0.0533948, -0.19855, -0.0652602, 3.47116E-009, -6.91166E-009
23, 1080.00000, -0.1805, -0.0593275, -0.16245, -0.0533947, -0.19855, -0.0652602, 3.47116E-009, -6.91163E-009
23, 1140.00000, -0.1805, -0.0593275, -0.16245, -0.0533947, -0.19855, -0.0652602, 3.47116E-009, -6.91163E-009
23, 1200.00000, -0.1805, -0.0593275, -0.16245, -0.0533947, -0.19855, -0.0652602, 3.47116E-009, -6.91163E-009
23, 1260.00000, -0.198552, -0.0652605, -0.234652, -0.0771267, -0.144398, -0.0474613, 1.86748E-008, -4.8709E-008
23, 1320.00000, -0.19855, -0.06526, -0.23465, -0.0771258, -0.1444, -0.0474621, 1.86727E-008, -4.87041E-008
23, 1380.00000, -0.19855, -0.06526, -0.23465, -0.0771258, -0.1444, -0.0474621, 1.86727E-008, -4.8704E-008
23, 1440.00000, -0.19855, -0.06526, -0.23465, -0.0771258, -0.1444, -0.0474621, 1.86727E-008, -4.8704E-008
23, 1500.00000, -0.19855, -0.06526, -0.23465, -0.0771258, -0.1444, -0.0474621, 1.86727E-008, -4.8704E-008
23, 1560.00000, -0.180519, -0.0593338, -0.198539, -0.0652573, -0.19854, -0.065256, 8.29656E-010, -2.34546E-009
23, 1620.00000, -0.1805, -0.0593277, -0.198549, -0.06526, -0.19855, -0.0652602, 8.33532E-010, -2.35256E-009
23, 1680.00000, -0.1805, -0.0593275, -0.19855, -0.0652602, -0.19855, -0.0652603, 8.33619E-010, -2.35279E-009
23, 1740.00000, -0.1805, -0.0593275, -0.19855, -0.0652602, -0.19855, -0.0652603, 8.3362E-010, -2.35279E-009
23, 1800.00000, -0.1805, -0.0593275, -0.19855, -0.0652602, -0.19855, -0.0652603, 8.3362E-010, -2.35279E-009
23, 1860.00000, -0.162442, -0.0533927, -0.216587, -0.0711877, -0.180519, -0.0593339, 1.06008E-008, -1.11328E-008
23, 1920.00000, -0.162449, -0.0533945, -0.2166, -0.0711929, -0.180501, -0.0593278, 1.06038E-008, -1.11423E-008
23, 1980.00000, -0.16245, -0.0533947, -0.2166, -0.0711929, -0.1805, -0.0593276, 1.06037E-008, -1.11423E-008
23, 2040.00000, -0.16245, -0.0533947, -0.2166, -0.0711929, -0.1805, -0.0593276, 1.06037E-008, -1.11422E-008
23, 2100.00000, -0.16245, -0.0533947, -0.2166, -0.0711929, -0.1805, -0.0593276, 1.06037E-008, -1.11422E-008
23, 2160.00000, -0.198562, -0.0652639, -0.234651, -0.0771267, -0.216589, -0.0711891, 4.25138E-009, -4.88507E-009
23, 2220.00000, -0.19855, -0.0652604, -0.23465, -0.0771256, -0.2166, -0.071193, 4.2545E-009, -4.88642E-009
23, 2280.00000, -0.19855, -0.0652602, -0.23465, -0.0771256, -0.2166, -0.0711931, 4.25467E-009, -4.88659E-009
23, 2340.00000, -0.19855, -0.0652602, -0.23465, -0.0771256, -0.2166, -0.0711931, 4.25467E-009, -4.8866E-009
23, 2400.00000, -0.19855, -0.0652602, -0.23465, -0.0771256, -0.2166, -0.0711931, 4.25467E-009, -4.8866E-009
23, 2460.00000, -0.198549, -0.0652601, -0.162448, -0.0533941, -0.162452, -0.0533953, 2.32849E-009, -1.31524E-008
23, 2520.00000, -0.19855, -0.0652601, -0.16245, -0.0533948, -0.16245, -0.0533947, 2.32874E-009, -1.31525E-008
23, 2580.00000, -0.19855, -0.0652602, -0.16245, -0.0533948, -0.16245, -0.0533947, 2.32876E-009, -1.31525E-008
23, 2640.00000, -0.19855, -0.0652602, -0.16245, -0.0533948, -0.16245, -0.0533947, 2.32876E-009, -1.31525E-008
23, 2700.00000, -0.19855, -0.0652602, -0.16245, -0.0533948, -0.16245, -0.0533947, 2.32876E-009, -1.31525E-008
23, 2760.00000, -0.162451, -0.0533948, -0.180505, -0.0593294, -0.180493, -0.0593251, 1.30165E-009, -1.22563E-009
23, 2820.00000, -0.16245, -0.0533948, -0.1805, -0.0593275, -0.1805, -0.0593274, 1.30249E-009, -1.2251E-009
23, 2880.00000, -0.16245, -0.0533947, -0.1805, -0.0593274, -0.1805, -0.0593275, 1.30254E-009, -1.22512E-009
23, 2940.00000, -0.16245, -0.0533947, -0.1805, -0.0593274, -0.1805, -0.0593275, 1.30255E-009, -1.22513E-009
23, 3000.00000, -0.16245, -0.0533947, -0.1805, -0.0593274, -0.1805, -0.0593275, 1.30255E-009, -1.22513E-009
23, 3060.00000, -0.18052, -0.0593353, -0.234611, -0.0771125, -0.198568, -0.0652649, 7.17044E-009, -1.7571E-008
23, 3120.00000, -0.1805, -0.0593275, -0.234649, -0.0771252, -0.198551, -0.0652607, 7.18931E-009, -1.76102E-008
23, 3180.00000, -0.1805, -0.0593274, -0.23465, -0.0771256, -0.19855, -0.0652604, 7.18974E-009, -1.76114E-008
23, 3240.00000, -0.1805, -0.0593275, -0.23465, -0.0771256, -0.19855, -0.0652604, 7.18974E-009, -1.76114E-008
23, 3300.00000, -0.1805, -0.0593275, -0.23465, -0.0771256, -0.19855, -0.0652604, 7.18974E-009, -1.76114E-008
23, 3360.00000, -0.216572, -0.0711828, -0.126368, -0.0415351, -0.162452, -0.0533961, 1.99948E-008, -5.04205E-008
23, 3420.00000, -0.2166, -0.0711927, -0.126351, -0.0415296, -0.162449, -0.0533945, 2.00186E-008, -5.04665E-008
23, 3480.00000, -0.2166, -0.0711929, -0.12635, -0.0415294, -0.16245, -0.0533946, 2.00191E-008, -5.04677E-008
23, 3540.00000, -0.2166, -0.0711929, -0.12635, -0.0415294, -0.16245, -0.0533946, 2.00191E-008, -5.04677E-008
24, 0.00000, -0.2166, -0.0711929, -0.12635, -0.0415294, -0.16245, -0.0533946, 2.00191E-008, -5.04677E-008
